# Cuts through the PSF

# Note that for the two diagonal cuts, the positions have to be
# computed as x*sqrt(2).

#x [pixels]     psf(x,0)     psf(0,x)     psf(x,x)    psf(x,-x)
       -333 9.618051e-08 1.067453e-07 2.008157e-09 2.008157e-09
       -332 9.388776e-08 1.140982e-07 1.678854e-09 2.303276e-09
       -331 9.253395e-08 1.033757e-07 1.410967e-09 2.307692e-09
       -330 9.070386e-08 8.354831e-08 8.459914e-10 1.389307e-09
       -329 8.821750e-08 7.102618e-08 1.384254e-09 1.590914e-09
       -328 8.561383e-08 7.476086e-08 1.236361e-09 1.562922e-09
       -327 8.292000e-08 8.907320e-08 2.263109e-09 2.396789e-09
       -326 8.180405e-08 9.803178e-08 1.773945e-09 2.215932e-09
       -325 8.249955e-08 9.154161e-08 1.605250e-09 2.435144e-09
       -324 8.169138e-08 7.544175e-08 9.357959e-10 1.418153e-09
       -323 7.805235e-08 6.282023e-08 1.749088e-09 1.895500e-09
       -322 7.376292e-08 6.285636e-08 1.250493e-09 1.581396e-09
       -321 7.066868e-08 7.407415e-08 2.247347e-09 2.291799e-09
       -320 7.033144e-08 8.321398e-08 2.408709e-09 2.548534e-09
       -319 7.239802e-08 7.882477e-08 1.540844e-09 2.417948e-09
       -318 7.280676e-08 6.457669e-08 1.822549e-09 1.835002e-09
       -317 6.920095e-08 5.250994e-08 1.871710e-09 1.961728e-09
       -316 6.373988e-08 5.194235e-08 1.663216e-09 1.793251e-09
       -315 5.939946e-08 6.279163e-08 2.351743e-09 2.165466e-09
       -314 5.865240e-08 7.192974e-08 3.586509e-09 3.244810e-09
       -313 6.133700e-08 6.670347e-08 2.309983e-09 2.582141e-09
       -312 6.306291e-08 5.174817e-08 2.355873e-09 2.312728e-09
       -311 6.072607e-08 4.092268e-08 2.023271e-09 2.248975e-09
       -310 5.530040e-08 4.271433e-08 2.034005e-09 1.691954e-09
       -309 4.932130e-08 5.480921e-08 2.962308e-09 2.611832e-09
       -308 4.696499e-08 6.279123e-08 4.611768e-09 3.898720e-09
       -307 5.028879e-08 5.525554e-08 2.633006e-09 2.163081e-09
       -306 5.439317e-08 4.016024e-08 2.858048e-09 3.588949e-09
       -305 5.358147e-08 3.175689e-08 2.078703e-09 1.878498e-09
       -304 4.756029e-08 3.536871e-08 2.704424e-09 2.118055e-09
       -303 4.001161e-08 4.690089e-08 3.290078e-09 3.218376e-09
       -302 3.677282e-08 5.290805e-08 4.388731e-09 3.183312e-09
       -301 4.068773e-08 4.459022e-08 3.591469e-09 3.208190e-09
       -300 4.647636e-08 3.152087e-08 2.807615e-09 3.673823e-09
       -299 4.672999e-08 2.567631e-08 2.941286e-09 1.903960e-09
       -298 4.013269e-08 2.948575e-08 3.503535e-09 3.172712e-09
       -297 3.163290e-08 3.923849e-08 2.975727e-09 2.805703e-09
       -296 2.868749e-08 4.373603e-08 4.609413e-09 3.681311e-09
       -295 3.394019e-08 3.643294e-08 3.795534e-09 3.551376e-09
       -294 4.125428e-08 2.667393e-08 3.500049e-09 3.522517e-09
       -293 4.277884e-08 2.322273e-08 3.650643e-09 2.707007e-09
       -292 3.696655e-08 2.700694e-08 3.926188e-09 4.105705e-09
       -291 2.946784e-08 3.499710e-08 3.714731e-09 3.326868e-09
       -290 2.762271e-08 3.737428e-08 4.502177e-09 4.130299e-09
       -289 3.283666e-08 3.092446e-08 4.532096e-09 4.044928e-09
       -288 3.911153e-08 2.454497e-08 3.733161e-09 3.078723e-09
       -287 3.980561e-08 2.200937e-08 4.819853e-09 4.653487e-09
       -286 3.403001e-08 2.480751e-08 4.139596e-09 4.418924e-09
       -285 2.790603e-08 3.242475e-08 3.502099e-09 3.657439e-09
       -284 2.844011e-08 3.466367e-08 5.718630e-09 5.210684e-09
       -283 3.480453e-08 2.914499e-08 4.068413e-09 2.870993e-09
       -282 3.936282e-08 2.311377e-08 5.068352e-09 5.500485e-09
       -281 3.719870e-08 2.037290e-08 4.237717e-09 4.522734e-09
       -280 3.124888e-08 2.647536e-08 3.562052e-09 4.531550e-09
       -279 2.897858e-08 3.749447e-08 5.243550e-09 5.035228e-09
       -278 3.383924e-08 3.847965e-08 4.563133e-09 3.009467e-09
       -277 4.058780e-08 3.058434e-08 5.468797e-09 5.635344e-09
       -276 4.249148e-08 2.424641e-08 4.868390e-09 5.073956e-09
       -275 3.879168e-08 2.516400e-08 3.532717e-09 4.574874e-09
       -274 3.422307e-08 3.709803e-08 5.162112e-09 5.094205e-09
       -273 3.453264e-08 4.773837e-08 4.636764e-09 2.954677e-09
       -272 3.996271e-08 4.429280e-08 5.563113e-09 5.703544e-09
       -271 4.480381e-08 3.619883e-08 5.525712e-09 4.993419e-09
       -270 4.476133e-08 3.249687e-08 4.813794e-09 5.778788e-09
       -269 4.189133e-08 3.764060e-08 4.892295e-09 5.039645e-09
       -268 4.118671e-08 5.117690e-08 4.972087e-09 3.990511e-09
       -267 4.440467e-08 5.638728e-08 5.077849e-09 5.026010e-09
       -266 4.822024e-08 5.005709e-08 7.049432e-09 5.589933e-09
       -265 4.961166e-08 4.620559e-08 5.578201e-09 6.854497e-09
       -264 5.044664e-08 4.864406e-08 4.569397e-09 4.935905e-09
       -263 5.268674e-08 5.801024e-08 5.991557e-09 4.818761e-09
       -262 5.480656e-08 6.684434e-08 5.651214e-09 5.093642e-09
       -261 5.673711e-08 6.544741e-08 7.703091e-09 6.539528e-09
       -260 6.049619e-08 6.378964e-08 5.186886e-09 6.553648e-09
       -259 6.424395e-08 6.927070e-08 5.449724e-09 5.286800e-09
       -258 6.562473e-08 7.830769e-08 6.679325e-09 5.439518e-09
       -257 6.700727e-08 8.692830e-08 5.952778e-09 5.350064e-09
       -256 7.213426e-08 8.681037e-08 7.257957e-09 6.995625e-09
       -255 8.084165e-08 8.423768e-08 5.330771e-09 6.026984e-09
       -254 8.875134e-08 9.248518e-08 7.118801e-09 6.206745e-09
       -253 9.217067e-08 1.048463e-07 5.490952e-09 4.935420e-09
       -252 9.232944e-08 1.137181e-07 6.206160e-09 5.476922e-09
       -251 9.588259e-08 1.157007e-07 6.837226e-09 7.104081e-09
       -250 1.066023e-07 1.128520e-07 5.848385e-09 5.631346e-09
       -249 1.180966e-07 1.182104e-07 7.525161e-09 6.870818e-09
       -248 1.198737e-07 1.304958e-07 4.830386e-09 4.866666e-09
       -247 1.160129e-07 1.391090e-07 7.840477e-09 6.622194e-09
       -246 1.197425e-07 1.435056e-07 5.330855e-09 6.115066e-09
       -245 1.314601e-07 1.469062e-07 6.970328e-09 6.745985e-09
       -244 1.391470e-07 1.550421e-07 6.665925e-09 6.554953e-09
       -243 1.397141e-07 1.661770e-07 5.989786e-09 5.382907e-09
       -242 1.462687e-07 1.713994e-07 7.735488e-09 6.577975e-09
       -241 1.655092e-07 1.753586e-07 5.752552e-09 6.754651e-09
       -240 1.850466e-07 1.845379e-07 8.663680e-09 8.410611e-09
       -239 1.902555e-07 1.949814e-07 5.169825e-09 5.453191e-09
       -238 1.883791e-07 2.025204e-07 7.358757e-09 6.427344e-09
       -237 1.993150e-07 2.075303e-07 6.773027e-09 6.019301e-09
       -236 2.242122e-07 2.159493e-07 8.372552e-09 9.588142e-09
       -235 2.409777e-07 2.274360e-07 6.820149e-09 7.347831e-09
       -234 2.425544e-07 2.361593e-07 6.631910e-09 5.740098e-09
       -233 2.465986e-07 2.453021e-07 8.109913e-09 6.641492e-09
       -232 2.628145e-07 2.598552e-07 6.636375e-09 7.310538e-09
       -231 2.773274e-07 2.744687e-07 8.561302e-09 9.691471e-09
       -230 2.820150e-07 2.822311e-07 6.721645e-09 5.698767e-09
       -229 2.891807e-07 2.859621e-07 9.558105e-09 8.678375e-09
       -228 3.046755e-07 2.942436e-07 5.510985e-09 6.939836e-09
       -227 3.193253e-07 3.069788e-07 8.478072e-09 8.714258e-09
       -226 3.282405e-07 3.192445e-07 8.103167e-09 8.385266e-09
       -225 3.359125e-07 3.321165e-07 8.741702e-09 9.309360e-09
       -224 3.462982e-07 3.442374e-07 6.352234e-09 8.176681e-09
       -223 3.618472e-07 3.502751e-07 7.052015e-09 7.170067e-09
       -222 3.792699e-07 3.569096e-07 1.059892e-08 1.036295e-08
       -221 3.926671e-07 3.749225e-07 7.939534e-09 1.027466e-08
       -220 4.036460e-07 3.968620e-07 7.246486e-09 8.282385e-09
       -219 4.228190e-07 4.085525e-07 7.005871e-09 7.470976e-09
       -218 4.450520e-07 4.172448e-07 1.206659e-08 1.167768e-08
       -217 4.549124e-07 4.361830e-07 8.269901e-09 1.241661e-08
       -216 4.597466e-07 4.564703e-07 6.875014e-09 8.487762e-09
       -215 4.813834e-07 4.680505e-07 8.535967e-09 7.754929e-09
       -214 5.111374e-07 4.818990e-07 1.285153e-08 1.520901e-08
       -213 5.233942e-07 5.020522e-07 8.470098e-09 1.393231e-08
       -212 5.264697e-07 5.157716e-07 6.813029e-09 8.312738e-09
       -211 5.483397e-07 5.221085e-07 1.030196e-08 9.790694e-09
       -210 5.798493e-07 5.319220e-07 1.239188e-08 1.872313e-08
       -209 5.949131e-07 5.437936e-07 7.842697e-09 1.380707e-08
       -208 6.053921e-07 5.513323e-07 8.005650e-09 8.556191e-09
       -207 6.363171e-07 5.595551e-07 1.029650e-08 1.278811e-08
       -206 6.705861e-07 5.734315e-07 1.146861e-08 1.946411e-08
       -205 6.841251e-07 5.920738e-07 7.833243e-09 1.281712e-08
       -204 6.955644e-07 6.137077e-07 8.495999e-09 1.047680e-08
       -203 7.269723e-07 6.298652e-07 1.080842e-08 1.453697e-08
       -202 7.592574e-07 6.379507e-07 1.151266e-08 1.809964e-08
       -201 7.744165e-07 6.525629e-07 7.507808e-09 1.265512e-08
       -200 7.888884e-07 6.738213e-07 9.604448e-09 1.203974e-08
       -199 8.142263e-07 6.855103e-07 1.279420e-08 1.481608e-08
       -198 8.345785e-07 6.932619e-07 1.165871e-08 1.676462e-08
       -197 8.455473e-07 7.148595e-07 8.636556e-09 1.330642e-08
       -196 8.599072e-07 7.366253e-07 1.167376e-08 1.420585e-08
       -195 8.804330e-07 7.528795e-07 1.416460e-08 1.536991e-08
       -194 9.026548e-07 7.821300e-07 1.117847e-08 1.655633e-08
       -193 9.273434e-07 8.152549e-07 9.830539e-09 1.475740e-08
       -192 9.501709e-07 8.320555e-07 1.469917e-08 1.605095e-08
       -191 9.648151e-07 8.571602e-07 1.577331e-08 1.467325e-08
       -190 9.858398e-07 8.967819e-07 1.251348e-08 1.680096e-08
       -189 1.019280e-06 9.125675e-07 1.284137e-08 1.654947e-08
       -188 1.044952e-06 9.178345e-07 1.900230e-08 1.677855e-08
       -187 1.066746e-06 9.515564e-07 1.621215e-08 1.511615e-08
       -186 1.108030e-06 9.747711e-07 1.213679e-08 1.821256e-08
       -185 1.145597e-06 9.637102e-07 1.746297e-08 1.782984e-08
       -184 1.152826e-06 9.791601e-07 1.963007e-08 1.645759e-08
       -183 1.164724e-06 1.015696e-06 1.333314e-08 1.543462e-08
       -182 1.194738e-06 1.010764e-06 1.645161e-08 1.866566e-08
       -181 1.198391e-06 1.003067e-06 2.039135e-08 1.599010e-08
       -180 1.194732e-06 1.038303e-06 1.678153e-08 1.614246e-08
       -179 1.234769e-06 1.056500e-06 1.591949e-08 1.716897e-08
       -178 1.270262e-06 1.052412e-06 2.217797e-08 1.676217e-08
       -177 1.267583e-06 1.096209e-06 1.803346e-08 1.589207e-08
       -176 1.289781e-06 1.155050e-06 1.845925e-08 2.048651e-08
       -175 1.332155e-06 1.174298e-06 2.332842e-08 1.594086e-08
       -174 1.335819e-06 1.207677e-06 2.085685e-08 1.738672e-08
       -173 1.355012e-06 1.262577e-06 1.876486e-08 2.217343e-08
       -172 1.428752e-06 1.279002e-06 2.433606e-08 2.121855e-08
       -171 1.477372e-06 1.288667e-06 2.379370e-08 2.329421e-08
       -170 1.493636e-06 1.332572e-06 1.989026e-08 2.334713e-08
       -169 1.536878e-06 1.366978e-06 2.530570e-08 2.699441e-08
       -168 1.566446e-06 1.385517e-06 2.731517e-08 3.163726e-08
       -167 1.564781e-06 1.418813e-06 2.187844e-08 2.446366e-08
       -166 1.600517e-06 1.443739e-06 2.669974e-08 3.226451e-08
       -165 1.655214e-06 1.458535e-06 2.703116e-08 3.625241e-08
       -164 1.683395e-06 1.494141e-06 2.583547e-08 2.475970e-08
       -163 1.714880e-06 1.534894e-06 2.805970e-08 3.418105e-08
       -162 1.738078e-06 1.571849e-06 2.689446e-08 3.991746e-08
       -161 1.731726e-06 1.614840e-06 3.127011e-08 2.585382e-08
       -160 1.750658e-06 1.640332e-06 2.805369e-08 3.356535e-08
       -159 1.794675e-06 1.654979e-06 2.962442e-08 4.691741e-08
       -158 1.826196e-06 1.685501e-06 3.142496e-08 2.695186e-08
       -157 1.871760e-06 1.712374e-06 3.080329e-08 3.671629e-08
       -156 1.908983e-06 1.744494e-06 3.518171e-08 5.082657e-08
       -155 1.899114e-06 1.798283e-06 2.705849e-08 2.570065e-08
       -154 1.901099e-06 1.832341e-06 3.750078e-08 4.267719e-08
       -153 1.946051e-06 1.852338e-06 3.624983e-08 5.135042e-08
       -152 2.016494e-06 1.888860e-06 2.206007e-08 3.042566e-08
       -151 2.134374e-06 1.918913e-06 4.221903e-08 4.924830e-08
       -150 2.268533e-06 1.959166e-06 3.167662e-08 5.381927e-08
       -149 2.357941e-06 2.025053e-06 2.189187e-08 3.961713e-08
       -148 2.410565e-06 2.065707e-06 4.394244e-08 5.260141e-08
       -147 2.433814e-06 2.095031e-06 3.178544e-08 5.759293e-08
       -146 2.443430e-06 2.133083e-06 2.497365e-08 4.344254e-08
       -145 2.484415e-06 2.149336e-06 4.580509e-08 6.269286e-08
       -144 2.546267e-06 2.192247e-06 3.364044e-08 5.769585e-08
       -143 2.600213e-06 2.275953e-06 2.737339e-08 4.768569e-08
       -142 2.642918e-06 2.339616e-06 5.208557e-08 7.454980e-08
       -141 2.648783e-06 2.403124e-06 3.429638e-08 5.050499e-08
       -140 2.625419e-06 2.461299e-06 4.221942e-08 6.627590e-08
       -139 2.617059e-06 2.475070e-06 5.941562e-08 6.953164e-08
       -138 2.644441e-06 2.506245e-06 3.805539e-08 5.476391e-08
       -137 2.713115e-06 2.576352e-06 6.084221e-08 8.057566e-08
       -136 2.797341e-06 2.669597e-06 5.444679e-08 5.140192e-08
       -135 2.859289e-06 2.810574e-06 5.081890e-08 7.585570e-08
       -134 2.885812e-06 2.943734e-06 6.543294e-08 6.281655e-08
       -133 2.890137e-06 3.036266e-06 5.026524e-08 5.416928e-08
       -132 2.893881e-06 3.116291e-06 6.310103e-08 7.831341e-08
       -131 2.926926e-06 3.159249e-06 5.360406e-08 4.537793e-08
       -130 3.018901e-06 3.197699e-06 5.421843e-08 6.947643e-08
       -129 3.144882e-06 3.283897e-06 6.694821e-08 6.121165e-08
       -128 3.249874e-06 3.366413e-06 5.504537e-08 7.163018e-08
       -127 3.311374e-06 3.438714e-06 6.817577e-08 7.124581e-08
       -126 3.333466e-06 3.499006e-06 7.408773e-08 8.763271e-08
       -125 3.348326e-06 3.508638e-06 6.773069e-08 9.044280e-08
       -124 3.393332e-06 3.514520e-06 8.697634e-08 8.502235e-08
       -123 3.453602e-06 3.541462e-06 7.372533e-08 1.108221e-07
       -122 3.498425e-06 3.578047e-06 8.281283e-08 8.020668e-08
       -121 3.499981e-06 3.633351e-06 8.622359e-08 1.146500e-07
       -120 3.433225e-06 3.666399e-06 7.358438e-08 9.350449e-08
       -119 3.332068e-06 3.654977e-06 9.625023e-08 1.044330e-07
       -118 3.275725e-06 3.625379e-06 7.102176e-08 1.080718e-07
       -117 3.271171e-06 3.585362e-06 9.400540e-08 1.029511e-07
       -116 3.321476e-06 3.600054e-06 7.414123e-08 1.052139e-07
       -115 3.413574e-06 3.687224e-06 8.620314e-08 1.150465e-07
       -114 3.470760e-06 3.807007e-06 8.395899e-08 1.012904e-07
       -113 3.478550e-06 3.926457e-06 8.292785e-08 1.185243e-07
       -112 3.435768e-06 3.984383e-06 8.974811e-08 1.243610e-07
       -111 3.425877e-06 3.958156e-06 8.487684e-08 1.244084e-07
       -110 3.540329e-06 3.900449e-06 1.057878e-07 1.581687e-07
       -109 3.761281e-06 3.855220e-06 9.340697e-08 1.342494e-07
       -108 4.006884e-06 3.864765e-06 1.229920e-07 1.873279e-07
       -107 4.178876e-06 3.924303e-06 1.031051e-07 1.442371e-07
       -106 4.207740e-06 3.987679e-06 1.432863e-07 2.414991e-07
       -105 4.144559e-06 4.025661e-06 1.120477e-07 1.815450e-07
       -104 4.062153e-06 4.013870e-06 1.785538e-07 2.794908e-07
       -103 4.050101e-06 3.956237e-06 1.516623e-07 2.359461e-07
       -102 4.125506e-06 3.890064e-06 2.080735e-07 3.007138e-07
       -101 4.231564e-06 3.829470e-06 1.983398e-07 2.842631e-07
       -100 4.291365e-06 3.785098e-06 2.360019e-07 3.157473e-07
        -99 4.251482e-06 3.753727e-06 2.492408e-07 3.156885e-07
        -98 4.130249e-06 3.728614e-06 2.722120e-07 3.391306e-07
        -97 4.040764e-06 3.721320e-06 2.914069e-07 3.429983e-07
        -96 4.090422e-06 3.751139e-06 3.363322e-07 3.764799e-07
        -95 4.351919e-06 3.833365e-06 3.556770e-07 3.838500e-07
        -94 4.775668e-06 3.952252e-06 4.005722e-07 4.242974e-07
        -93 5.200271e-06 4.061759e-06 3.948253e-07 4.200268e-07
        -92 5.449437e-06 4.115883e-06 4.358147e-07 4.463733e-07
        -91 5.499793e-06 4.099410e-06 4.515761e-07 4.463253e-07
        -90 5.444057e-06 4.037172e-06 4.777537e-07 4.778146e-07
        -89 5.399665e-06 3.990170e-06 4.744605e-07 4.656420e-07
        -88 5.485265e-06 4.012289e-06 5.075519e-07 4.929250e-07
        -87 5.699057e-06 4.119273e-06 5.006414e-07 4.699969e-07
        -86 5.909327e-06 4.279530e-06 5.386083e-07 4.881703e-07
        -85 5.976285e-06 4.412862e-06 5.481817e-07 4.500616e-07
        -84 5.900273e-06 4.442260e-06 5.954525e-07 4.747119e-07
        -83 5.827947e-06 4.349340e-06 5.853782e-07 4.562271e-07
        -82 5.911921e-06 4.175140e-06 6.135633e-07 5.155583e-07
        -81 6.205366e-06 3.981946e-06 6.087344e-07 5.270571e-07
        -80 6.619412e-06 3.840404e-06 6.241776e-07 5.776202e-07
        -79 6.942917e-06 3.811460e-06 5.897638e-07 5.779091e-07
        -78 7.049272e-06 3.879303e-06 5.835492e-07 5.964045e-07
        -77 7.011654e-06 3.950468e-06 5.503164e-07 6.041076e-07
        -76 6.987302e-06 3.950972e-06 5.240864e-07 6.378298e-07
        -75 7.075583e-06 3.909366e-06 4.986694e-07 6.487481e-07
        -74 7.257875e-06 3.916176e-06 4.896361e-07 6.719342e-07
        -73 7.401630e-06 4.023503e-06 4.699445e-07 6.744153e-07
        -72 7.379448e-06 4.234160e-06 4.508147e-07 7.071851e-07
        -71 7.207136e-06 4.536291e-06 4.330653e-07 7.682611e-07
        -70 7.061027e-06 4.883160e-06 4.992507e-07 8.467772e-07
        -69 7.159080e-06 5.213083e-06 6.094861e-07 9.113264e-07
        -68 7.569317e-06 5.555169e-06 6.712226e-07 9.850013e-07
        -67 8.111829e-06 5.949969e-06 6.974827e-07 9.978386e-07
        -66 8.477163e-06 6.292610e-06 7.515806e-07 9.758932e-07
        -65 8.460806e-06 6.456918e-06 7.986478e-07 1.007700e-06
        -64 8.110504e-06 6.479892e-06 8.171925e-07 1.066897e-06
        -63 7.664279e-06 6.440248e-06 8.224541e-07 1.118631e-06
        -62 7.355259e-06 6.301855e-06 8.310601e-07 1.103472e-06
        -61 7.260795e-06 6.032531e-06 8.490289e-07 1.064697e-06
        -60 7.277343e-06 5.679753e-06 8.400801e-07 1.014988e-06
        -59 7.204584e-06 5.261565e-06 8.191019e-07 9.614349e-07
        -58 6.882387e-06 4.820851e-06 7.774447e-07 9.251733e-07
        -57 6.338511e-06 4.546314e-06 7.133524e-07 9.169177e-07
        -56 5.828847e-06 4.643011e-06 6.549389e-07 8.971141e-07
        -55 5.683404e-06 5.208161e-06 6.214366e-07 8.291935e-07
        -54 6.024943e-06 6.258205e-06 5.594938e-07 7.560915e-07
        -53 6.592742e-06 7.615531e-06 5.009306e-07 6.769170e-07
        -52 6.975777e-06 8.822186e-06 5.377382e-07 5.976023e-07
        -51 7.110091e-06 9.508211e-06 6.497352e-07 5.144648e-07
        -50 7.367404e-06 9.771875e-06 7.619584e-07 4.567860e-07
        -49 8.202048e-06 9.988356e-06 8.592490e-07 4.204732e-07
        -48 9.939041e-06 1.043118e-05 1.138590e-06 4.010078e-07
        -47 1.249833e-05 1.114485e-05 1.397830e-06 3.827971e-07
        -46 1.494534e-05 1.183627e-05 1.518508e-06 3.447562e-07
        -45 1.610916e-05 1.195187e-05 1.804973e-06 3.065700e-07
        -44 1.599810e-05 1.117398e-05 2.021384e-06 2.621141e-07
        -43 1.543541e-05 9.735148e-06 2.020589e-06 3.063017e-07
        -42 1.452270e-05 8.227565e-06 1.917592e-06 4.559239e-07
        -41 1.318081e-05 7.220027e-06 1.917432e-06 5.968165e-07
        -40 1.229903e-05 6.854442e-06 2.009636e-06 7.000089e-07
        -39 1.215075e-05 6.575702e-06 1.900827e-06 8.598494e-07
        -38 1.138327e-05 5.825386e-06 2.210254e-06 1.237154e-06
        -37 9.561142e-06 5.089714e-06 2.613754e-06 1.556926e-06
        -36 8.031216e-06 5.024830e-06 2.666743e-06 1.667954e-06
        -35 7.542928e-06 5.351273e-06 3.270260e-06 1.686088e-06
        -34 8.169050e-06 6.416626e-06 3.992741e-06 1.658830e-06
        -33 1.045580e-05 9.687636e-06 4.252945e-06 1.784215e-06
        -32 1.373414e-05 1.471707e-05 4.479108e-06 1.738330e-06
        -31 1.560146e-05 1.896863e-05 5.284082e-06 1.908118e-06
        -30 1.523732e-05 2.154750e-05 5.972198e-06 2.998245e-06
        -29 1.465747e-05 2.343369e-05 5.700111e-06 4.040971e-06
        -28 1.641646e-05 2.591431e-05 5.833224e-06 4.385824e-06
        -27 2.221964e-05 3.123185e-05 5.695538e-06 5.820178e-06
        -26 3.097713e-05 3.904410e-05 6.561257e-06 9.338710e-06
        -25 3.720760e-05 4.266705e-05 8.911148e-06 1.093221e-05
        -24 3.682602e-05 3.797084e-05 9.282340e-06 9.809736e-06
        -23 3.208420e-05 3.082933e-05 9.571184e-06 8.436563e-06
        -22 2.610823e-05 2.547097e-05 1.017429e-05 6.664825e-06
        -21 1.848206e-05 1.873689e-05 9.092051e-06 4.563198e-06
        -20 1.026621e-05 1.575316e-05 7.915181e-06 3.379795e-06
        -19 7.569035e-06 2.642440e-05 1.362190e-05 1.141908e-05
        -18 6.858982e-06 3.909697e-05 2.051595e-05 2.258545e-05
        -17 6.264476e-06 3.599830e-05 1.993314e-05 2.339854e-05
        -16 3.073903e-05 4.675433e-05 2.905400e-05 2.440639e-05
        -15 4.620373e-05 4.434916e-05 3.768260e-05 2.593766e-05
        -14 4.707997e-05 3.593570e-05 3.321545e-05 2.964174e-05
        -13 6.945708e-05 4.632865e-05 2.585849e-05 3.137852e-05
        -12 1.198647e-04 7.877048e-05 4.124240e-05 5.066879e-05
        -11 1.652659e-04 1.054999e-04 9.549735e-05 1.044633e-04
        -10 1.974167e-04 1.124802e-04 9.819386e-05 1.308476e-04
         -9 2.402075e-04 1.562452e-04 9.709809e-05 1.397231e-04
         -8 2.091922e-04 2.396281e-04 1.654448e-04 9.442934e-05
         -7 2.962752e-04 3.565098e-04 1.943709e-04 2.687867e-04
         -6 1.167204e-03 7.244680e-04 1.652221e-04 7.191896e-04
         -5 2.138056e-03 1.261446e-03 2.924793e-04 8.094783e-04
         -4 1.133892e-03 1.564265e-03 2.462015e-03 3.884945e-03
         -3 1.521817e-03 4.674990e-03 2.507236e-03 5.202074e-03
         -2 1.355559e-02 1.773478e-02 2.313932e-03 3.791004e-03
         -1 3.685034e-02 3.907259e-02 2.721374e-02 2.716924e-02
          0 5.015574e-02 5.015574e-02 5.015574e-02 5.015574e-02
          1 3.755092e-02 3.723299e-02 2.743210e-02 3.028848e-02
          2 1.345147e-02 1.366471e-02 3.042758e-03 7.222848e-03
          3 1.333305e-03 1.899073e-03 2.066222e-03 3.336982e-03
          4 2.499386e-03 3.724867e-03 1.601174e-03 1.630177e-03
          5 4.115189e-03 6.041263e-03 1.864175e-04 5.291702e-04
          6 2.063720e-03 3.765463e-03 2.352675e-04 3.937363e-04
          7 4.017412e-04 1.210674e-03 1.352589e-04 1.720927e-04
          8 3.691416e-04 5.654529e-04 9.795670e-05 9.401166e-05
          9 4.106312e-04 4.406690e-04 2.113564e-04 8.438549e-05
         10 2.325649e-04 1.824635e-04 3.413859e-04 1.068813e-04
         11 2.128445e-04 6.772283e-05 2.556088e-04 7.832680e-05
         12 2.234224e-04 6.507356e-05 8.892917e-05 2.866381e-05
         13 1.437963e-04 4.503352e-05 3.383947e-05 1.986723e-05
         14 7.132798e-05 3.404804e-05 2.231822e-05 2.227942e-05
         15 5.555128e-05 4.851584e-05 7.268442e-06 2.262813e-05
         16 4.442604e-05 5.025245e-05 5.382846e-06 1.126853e-05
         17 1.713276e-05 3.381714e-05 7.559748e-06 5.782720e-06
         18 1.688869e-05 3.904009e-05 1.323565e-05 1.036389e-05
         19 1.975970e-05 3.617851e-05 1.856334e-05 1.470832e-05
         20 2.237950e-05 3.527938e-05 2.247762e-05 1.913088e-05
         21 2.002549e-05 4.104192e-05 2.697947e-05 2.203954e-05
         22 2.014909e-05 5.203279e-05 2.765289e-05 2.119735e-05
         23 2.665786e-05 6.695327e-05 2.021316e-05 1.502226e-05
         24 3.045691e-05 7.780475e-05 1.262975e-05 1.218236e-05
         25 3.177948e-05 7.890286e-05 1.031796e-05 1.217510e-05
         26 3.458772e-05 6.531614e-05 7.090214e-06 9.248767e-06
         27 3.432632e-05 4.080127e-05 4.319810e-06 9.365996e-06
         28 2.916486e-05 1.971634e-05 4.229107e-06 1.051706e-05
         29 2.491413e-05 1.168089e-05 4.735733e-06 1.054370e-05
         30 2.364562e-05 1.205592e-05 5.026534e-06 9.807917e-06
         31 2.134433e-05 1.298231e-05 4.582415e-06 8.539917e-06
         32 1.656769e-05 1.347820e-05 4.552340e-06 8.132879e-06
         33 1.201844e-05 1.431070e-05 4.128927e-06 5.681786e-06
         34 9.866288e-06 1.362872e-05 3.000139e-06 2.992807e-06
         35 9.926470e-06 1.143585e-05 2.402116e-06 2.436318e-06
         36 1.067005e-05 1.050650e-05 2.096936e-06 2.355193e-06
         37 1.071885e-05 1.157344e-05 1.886636e-06 2.503467e-06
         38 1.019912e-05 1.299666e-05 1.530479e-06 2.552242e-06
         39 1.006966e-05 1.390291e-05 1.095754e-06 2.592658e-06
         40 1.022498e-05 1.417724e-05 8.995681e-07 2.511923e-06
         41 9.680975e-06 1.375618e-05 6.098914e-07 2.052457e-06
         42 8.325969e-06 1.324767e-05 3.907501e-07 1.941326e-06
         43 7.127373e-06 1.321912e-05 4.176863e-07 1.992758e-06
         44 6.745703e-06 1.310858e-05 5.206820e-07 2.022612e-06
         45 6.803182e-06 1.204747e-05 6.559502e-07 1.952491e-06
         46 6.624794e-06 9.967705e-06 7.671874e-07 1.813746e-06
         47 6.146315e-06 7.547881e-06 8.596244e-07 1.743802e-06
         48 5.760977e-06 5.680045e-06 9.487787e-07 1.534845e-06
         49 5.679583e-06 4.895134e-06 1.018760e-06 1.416321e-06
         50 5.806225e-06 5.043609e-06 1.069682e-06 1.381952e-06
         51 5.986758e-06 5.586934e-06 1.079620e-06 1.347272e-06
         52 6.075037e-06 6.121055e-06 1.018697e-06 1.403723e-06
         53 5.889454e-06 6.437171e-06 9.609543e-07 1.411996e-06
         54 5.399502e-06 6.434216e-06 9.362396e-07 1.409677e-06
         55 4.932627e-06 6.255315e-06 8.414360e-07 1.290337e-06
         56 4.908443e-06 6.219145e-06 7.424442e-07 1.138028e-06
         57 5.374306e-06 6.440162e-06 6.739804e-07 1.085752e-06
         58 6.017946e-06 6.764869e-06 5.520351e-07 9.244575e-07
         59 6.542981e-06 7.052851e-06 5.077974e-07 8.263366e-07
         60 6.837385e-06 7.203731e-06 5.394206e-07 8.190393e-07
         61 6.930476e-06 7.090798e-06 5.593096e-07 8.108842e-07
         62 6.990549e-06 6.748629e-06 5.948656e-07 7.941139e-07
         63 7.235248e-06 6.419079e-06 6.099870e-07 7.332300e-07
         64 7.706906e-06 6.267578e-06 6.211428e-07 6.897362e-07
         65 8.216898e-06 6.254963e-06 6.219242e-07 6.059112e-07
         66 8.514774e-06 6.259292e-06 5.917262e-07 4.982684e-07
         67 8.444617e-06 6.150096e-06 5.773535e-07 4.547945e-07
         68 8.048048e-06 5.871529e-06 5.742007e-07 4.419110e-07
         69 7.572296e-06 5.548856e-06 5.445288e-07 4.255136e-07
         70 7.280099e-06 5.343201e-06 5.299362e-07 3.853857e-07
         71 7.227292e-06 5.239309e-06 5.308776e-07 3.477507e-07
         72 7.267036e-06 5.147550e-06 5.418896e-07 3.274231e-07
         73 7.235356e-06 5.092658e-06 5.307959e-07 3.311621e-07
         74 7.069817e-06 5.113290e-06 5.116884e-07 3.363736e-07
         75 6.833082e-06 5.135846e-06 4.884380e-07 3.547153e-07
         76 6.699038e-06 5.106365e-06 4.522023e-07 3.588415e-07
         77 6.800793e-06 5.041878e-06 3.725403e-07 3.599038e-07
         78 7.063081e-06 4.913292e-06 2.950561e-07 3.451483e-07
         79 7.270919e-06 4.698378e-06 2.687700e-07 3.271639e-07
         80 7.244030e-06 4.489591e-06 2.640442e-07 3.097855e-07
         81 6.863265e-06 4.376948e-06 2.761486e-07 3.169939e-07
         82 6.196304e-06 4.334759e-06 2.714112e-07 3.163901e-07
         83 5.566282e-06 4.319910e-06 2.796308e-07 3.205816e-07
         84 5.268067e-06 4.323080e-06 2.639192e-07 3.166897e-07
         85 5.283169e-06 4.315566e-06 2.783931e-07 3.283353e-07
         86 5.403691e-06 4.283932e-06 2.625108e-07 3.049876e-07
         87 5.502853e-06 4.257452e-06 2.709257e-07 3.114012e-07
         88 5.537073e-06 4.250823e-06 2.472706e-07 2.829078e-07
         89 5.488172e-06 4.246646e-06 2.497272e-07 2.900375e-07
         90 5.370739e-06 4.230100e-06 2.259555e-07 2.553330e-07
         91 5.259454e-06 4.179197e-06 2.326156e-07 2.599225e-07
         92 5.203653e-06 4.053477e-06 1.930484e-07 2.373657e-07
         93 5.196895e-06 3.846753e-06 1.918167e-07 2.466657e-07
         94 5.187869e-06 3.636208e-06 1.501027e-07 2.160400e-07
         95 5.089521e-06 3.509954e-06 1.564284e-07 2.267990e-07
         96 4.896483e-06 3.505643e-06 1.372075e-07 2.029144e-07
         97 4.651694e-06 3.586201e-06 1.458498e-07 2.141268e-07
         98 4.438873e-06 3.697649e-06 1.260546e-07 2.005432e-07
         99 4.330817e-06 3.791381e-06 1.422128e-07 2.061854e-07
        100 4.291520e-06 3.812391e-06 1.185221e-07 1.925621e-07
        101 4.311985e-06 3.756372e-06 1.363499e-07 1.876001e-07
        102 4.365278e-06 3.668110e-06 1.113959e-07 1.610807e-07
        103 4.398088e-06 3.602616e-06 1.222661e-07 1.537625e-07
        104 4.430227e-06 3.595866e-06 1.052080e-07 1.254559e-07
        105 4.428730e-06 3.632757e-06 1.078976e-07 1.365151e-07
        106 4.412648e-06 3.665282e-06 1.017692e-07 1.132599e-07
        107 4.407198e-06 3.653646e-06 9.374986e-08 1.226405e-07
        108 4.354410e-06 3.573910e-06 9.934652e-08 9.880692e-08
        109 4.294798e-06 3.454369e-06 8.170979e-08 9.847912e-08
        110 4.214941e-06 3.338820e-06 8.771936e-08 8.820805e-08
        111 4.112335e-06 3.271129e-06 6.586725e-08 7.782732e-08
        112 4.060270e-06 3.239630e-06 7.376413e-08 6.634585e-08
        113 3.977919e-06 3.215416e-06 5.403916e-08 5.535974e-08
        114 3.892977e-06 3.165267e-06 7.337307e-08 4.437172e-08
        115 3.841741e-06 3.077252e-06 5.254300e-08 4.135322e-08
        116 3.734923e-06 2.992045e-06 7.080634e-08 4.523817e-08
        117 3.656876e-06 2.916353e-06 5.826323e-08 3.530164e-08
        118 3.599238e-06 2.868761e-06 6.638412e-08 4.677418e-08
        119 3.510394e-06 2.871346e-06 6.503498e-08 3.336773e-08
        120 3.480175e-06 2.850028e-06 5.694811e-08 4.448531e-08
        121 3.446594e-06 2.844360e-06 6.607907e-08 3.731741e-08
        122 3.386594e-06 2.846486e-06 5.344791e-08 4.121807e-08
        123 3.353239e-06 2.795289e-06 5.809371e-08 3.903502e-08
        124 3.309334e-06 2.810988e-06 5.777943e-08 3.936553e-08
        125 3.288207e-06 2.832895e-06 5.355527e-08 3.967266e-08
        126 3.296495e-06 2.793944e-06 5.529557e-08 3.600647e-08
        127 3.299112e-06 2.792858e-06 5.312370e-08 4.418058e-08
        128 3.313550e-06 2.717760e-06 4.505285e-08 3.142127e-08
        129 3.306015e-06 2.595615e-06 5.793653e-08 4.518011e-08
        130 3.246400e-06 2.552576e-06 3.878743e-08 3.681850e-08
        131 3.155317e-06 2.488651e-06 5.261411e-08 3.640894e-08
        132 3.053329e-06 2.467924e-06 4.651882e-08 4.478743e-08
        133 2.943112e-06 2.509158e-06 3.673989e-08 3.468410e-08
        134 2.834555e-06 2.468698e-06 5.493046e-08 3.872452e-08
        135 2.766786e-06 2.429975e-06 2.596702e-08 4.194417e-08
        136 2.730585e-06 2.402811e-06 5.194099e-08 3.612513e-08
        137 2.676184e-06 2.324249e-06 3.574441e-08 3.680342e-08
        138 2.636269e-06 2.307875e-06 2.908890e-08 4.418526e-08
        139 2.612299e-06 2.328322e-06 5.114943e-08 2.971275e-08
        140 2.573191e-06 2.331273e-06 1.834445e-08 4.165234e-08
        141 2.559756e-06 2.364245e-06 4.008817e-08 3.969346e-08
        142 2.558218e-06 2.355306e-06 3.185090e-08 2.684107e-08
        143 2.546023e-06 2.300369e-06 2.222285e-08 4.770584e-08
        144 2.541429e-06 2.267684e-06 3.912104e-08 3.060187e-08
        145 2.514427e-06 2.214971e-06 2.188838e-08 3.468208e-08
        146 2.472198e-06 2.171578e-06 2.837375e-08 4.350331e-08
        147 2.423501e-06 2.165583e-06 2.774856e-08 2.754576e-08
        148 2.331751e-06 2.125062e-06 2.264775e-08 3.883800e-08
        149 2.256649e-06 2.062707e-06 2.166018e-08 3.111985e-08
        150 2.219303e-06 1.998739e-06 2.139042e-08 3.087256e-08
        151 2.159554e-06 1.907781e-06 2.352423e-08 3.396953e-08
        152 2.127452e-06 1.843061e-06 1.459414e-08 2.600894e-08
        153 2.123295e-06 1.817978e-06 2.352578e-08 3.374201e-08
        154 2.061657e-06 1.782930e-06 2.054890e-08 3.010424e-08
        155 1.985562e-06 1.749737e-06 1.456578e-08 2.698827e-08
        156 1.924443e-06 1.703502e-06 2.311742e-08 2.804002e-08
        157 1.836495e-06 1.620187e-06 1.752960e-08 2.978437e-08
        158 1.777073e-06 1.553006e-06 1.684293e-08 2.494065e-08
        159 1.764516e-06 1.511197e-06 1.897735e-08 2.173221e-08
        160 1.739680e-06 1.475158e-06 1.678843e-08 3.320420e-08
        161 1.722294e-06 1.484678e-06 1.732602e-08 2.219281e-08
        162 1.708437e-06 1.513574e-06 1.663424e-08 1.962073e-08
        163 1.659896e-06 1.494725e-06 1.629740e-08 3.289633e-08
        164 1.632774e-06 1.464444e-06 1.671983e-08 2.108068e-08
        165 1.634271e-06 1.449686e-06 1.586825e-08 1.816527e-08
        166 1.603124e-06 1.406785e-06 1.610876e-08 2.843663e-08
        167 1.581619e-06 1.354392e-06 1.728836e-08 2.226506e-08
        168 1.583283e-06 1.331764e-06 1.710236e-08 1.557686e-08
        169 1.532446e-06 1.303071e-06 1.512904e-08 2.435807e-08
        170 1.466279e-06 1.251484e-06 1.767746e-08 2.512840e-08
        171 1.446662e-06 1.213190e-06 1.634061e-08 1.353014e-08
        172 1.412396e-06 1.186739e-06 1.543757e-08 2.090090e-08
        173 1.360877e-06 1.150369e-06 1.511593e-08 2.558271e-08
        174 1.351897e-06 1.120572e-06 1.611769e-08 1.391418e-08
        175 1.335194e-06 1.106813e-06 1.710678e-08 1.783741e-08
        176 1.277506e-06 1.086346e-06 1.378113e-08 2.372434e-08
        177 1.243576e-06 1.053252e-06 1.453017e-08 1.545123e-08
        178 1.229367e-06 1.025263e-06 1.787798e-08 1.415526e-08
        179 1.191163e-06 1.005397e-06 1.370289e-08 2.324880e-08
        180 1.168573e-06 9.840001e-07 1.126075e-08 1.817808e-08
        181 1.166022e-06 9.617851e-07 1.572001e-08 1.162545e-08
        182 1.131285e-06 9.463941e-07 1.519336e-08 2.014597e-08
        183 1.089690e-06 9.343486e-07 1.128821e-08 2.224370e-08
        184 1.071700e-06 9.107426e-07 1.085184e-08 9.703773e-09
        185 1.039081e-06 8.814056e-07 1.595573e-08 1.548664e-08
        186 1.000314e-06 8.661775e-07 1.314635e-08 2.270701e-08
        187 9.929307e-07 8.537696e-07 9.690468e-09 1.401818e-08
        188 9.791476e-07 8.289283e-07 1.138337e-08 9.485090e-09
        189 9.375227e-07 8.116764e-07 1.602402e-08 2.059727e-08
        190 9.130544e-07 8.068814e-07 9.893147e-09 1.550051e-08
        191 9.016004e-07 7.853337e-07 9.607724e-09 9.358282e-09
        192 8.645820e-07 7.511207e-07 1.290898e-08 1.260266e-08
        193 8.323142e-07 7.355146e-07 1.418760e-08 1.556366e-08
        194 8.273433e-07 7.224851e-07 6.977690e-09 8.706402e-09
        195 8.114356e-07 6.886640e-07 1.116303e-08 1.008700e-08
        196 7.824473e-07 6.635221e-07 1.386345e-08 1.127764e-08
        197 7.726703e-07 6.606812e-07 1.087728e-08 1.115454e-08
        198 7.627551e-07 6.450372e-07 6.795206e-09 7.927156e-09
        199 7.304836e-07 6.156359e-07 1.350236e-08 1.151156e-08
        200 7.068925e-07 6.057244e-07 1.277138e-08 9.774253e-09
        201 7.032396e-07 6.033388e-07 8.877425e-09 8.796754e-09
        202 6.866688e-07 5.809247e-07 8.603116e-09 9.275994e-09
        203 6.591499e-07 5.624167e-07 1.422787e-08 1.196635e-08
        204 6.489485e-07 5.673566e-07 1.134051e-08 8.201646e-09
        205 6.472303e-07 5.656232e-07 8.240448e-09 8.176658e-09
        206 6.297344e-07 5.436490e-07 1.038935e-08 1.095618e-08
        207 6.048772e-07 5.283742e-07 1.331147e-08 1.179259e-08
        208 5.923199e-07 5.248627e-07 9.134311e-09 6.819628e-09
        209 5.866479e-07 5.102714e-07 9.601853e-09 7.631676e-09
        210 5.720507e-07 4.856516e-07 1.174315e-08 1.187249e-08
        211 5.486445e-07 4.694021e-07 1.128488e-08 9.355084e-09
        212 5.300746e-07 4.591058e-07 7.209981e-09 5.802770e-09
        213 5.228032e-07 4.431321e-07 1.015470e-08 7.617909e-09
        214 5.098084e-07 4.240787e-07 1.192094e-08 1.078775e-08
        215 4.792744e-07 4.103370e-07 8.201626e-09 7.039598e-09
        216 4.518344e-07 4.014244e-07 7.129748e-09 6.422668e-09
        217 4.463534e-07 3.920988e-07 8.050541e-09 7.765501e-09
        218 4.443339e-07 3.802365e-07 1.193195e-08 9.281901e-09
        219 4.224455e-07 3.712787e-07 6.335054e-09 6.113499e-09
        220 3.943501e-07 3.692062e-07 8.185432e-09 7.738449e-09
        221 3.846606e-07 3.665656e-07 6.770694e-09 8.216642e-09
        222 3.815375e-07 3.533791e-07 1.162980e-08 8.228702e-09
        223 3.646391e-07 3.370913e-07 6.628759e-09 5.290355e-09
        224 3.433331e-07 3.316940e-07 8.424499e-09 7.977137e-09
        225 3.355708e-07 3.329865e-07 6.858388e-09 7.775753e-09
        226 3.346561e-07 3.243011e-07 8.706899e-09 6.537494e-09
        227 3.232423e-07 3.052846e-07 8.879919e-09 4.749005e-09
        228 3.045355e-07 2.923657e-07 7.787179e-09 7.021647e-09
        229 2.941834e-07 2.906974e-07 7.732877e-09 7.585967e-09
        230 2.901123e-07 2.873191e-07 4.935479e-09 4.980655e-09
        231 2.805191e-07 2.729452e-07 1.011500e-08 5.012168e-09
        232 2.663875e-07 2.561592e-07 7.532537e-09 5.793453e-09
        233 2.576554e-07 2.492513e-07 8.000089e-09 8.047559e-09
        234 2.548506e-07 2.452599e-07 3.665924e-09 4.399725e-09
        235 2.460545e-07 2.309907e-07 8.961619e-09 5.470230e-09
        236 2.272254e-07 2.108636e-07 9.002759e-09 5.048588e-09
        237 2.115039e-07 1.996433e-07 7.272158e-09 7.069728e-09
        238 2.088783e-07 1.992777e-07 4.936576e-09 5.036181e-09
        239 2.099451e-07 1.940233e-07 5.958168e-09 4.592635e-09
        240 1.995691e-07 1.760790e-07 1.003431e-08 5.159746e-09
        241 1.819504e-07 1.602503e-07 5.516740e-09 5.010061e-09
        242 1.744076e-07 1.577038e-07 6.420315e-09 6.711660e-09
        243 1.770461e-07 1.589221e-07 4.785511e-09 3.712635e-09
        244 1.755087e-07 1.514439e-07 8.924658e-09 4.889460e-09
        245 1.640700e-07 1.377459e-07 5.813726e-09 3.538612e-09
        246 1.534695e-07 1.311014e-07 4.979067e-09 6.139532e-09
        247 1.525491e-07 1.320894e-07 5.686377e-09 4.748721e-09
        248 1.540758e-07 1.301595e-07 6.288477e-09 3.642828e-09
        249 1.490510e-07 1.226551e-07 8.171415e-09 4.569055e-09
        250 1.370921e-07 1.140453e-07 3.560653e-09 4.099252e-09
        251 1.246925e-07 1.092556e-07 5.963350e-09 5.912358e-09
        252 1.194148e-07 1.082709e-07 4.699393e-09 3.155598e-09
        253 1.194918e-07 1.055907e-07 7.323363e-09 4.330671e-09
        254 1.179693e-07 9.895544e-08 5.475740e-09 3.873605e-09
        255 1.101207e-07 8.936752e-08 3.831539e-09 4.967098e-09
        256 9.696144e-08 8.071023e-08 5.990147e-09 4.275777e-09
        257 8.848104e-08 7.800178e-08 5.318796e-09 3.111989e-09
        258 8.921377e-08 7.805552e-08 6.652863e-09 4.254786e-09
        259 9.200835e-08 7.458878e-08 3.037355e-09 3.397200e-09
        260 8.946735e-08 6.789237e-08 4.816891e-09 5.087360e-09
        261 7.885779e-08 6.130288e-08 5.463882e-09 2.972483e-09
        262 6.952134e-08 5.829118e-08 4.747610e-09 3.799986e-09
        263 7.120053e-08 5.726386e-08 4.296509e-09 3.699614e-09
        264 7.542332e-08 5.325933e-08 2.390956e-09 3.833267e-09
        265 7.235055e-08 4.764572e-08 5.206404e-09 4.373695e-09
        266 6.422896e-08 4.387367e-08 4.452303e-09 2.746914e-09
        267 5.770006e-08 4.341533e-08 4.066807e-09 4.136030e-09
        268 5.876745e-08 4.496415e-08 3.186913e-09 3.121181e-09
        269 6.313209e-08 4.257539e-08 2.594344e-09 4.007667e-09
        270 6.147253e-08 3.469567e-08 4.171435e-09 3.452897e-09
        271 5.537165e-08 2.843514e-08 3.662409e-09 2.573746e-09
        272 5.066465e-08 2.826902e-08 4.845671e-09 4.605658e-09
        273 5.033689e-08 3.250401e-08 3.101253e-09 2.418696e-09
        274 5.378692e-08 3.523315e-08 2.387751e-09 3.612784e-09
        275 5.382584e-08 3.017301e-08 3.368817e-09 2.649275e-09
        276 4.897720e-08 2.138841e-08 3.631067e-09 2.616636e-09
        277 4.506943e-08 1.833327e-08 4.231200e-09 4.079947e-09
        278 4.289526e-08 2.190170e-08 3.753924e-09 2.456836e-09
        279 4.281801e-08 2.710220e-08 2.551558e-09 3.105798e-09
        280 4.418887e-08 2.809420e-08 2.687635e-09 2.615384e-09
        281 4.251558e-08 2.214414e-08 3.754961e-09 2.173461e-09
        282 3.951014e-08 1.671763e-08 3.414822e-09 3.285533e-09
        283 3.837082e-08 1.803104e-08 3.780580e-09 2.911178e-09
        284 3.737213e-08 2.211387e-08 3.221224e-09 2.804438e-09
        285 3.669736e-08 2.507045e-08 2.037623e-09 2.358988e-09
        286 3.663202e-08 2.510382e-08 3.646840e-09 2.080666e-09
        287 3.651237e-08 2.193667e-08 3.435903e-09 2.656536e-09
        288 3.706506e-08 2.018085e-08 2.997989e-09 3.147847e-09
        289 3.640134e-08 2.172230e-08 3.557932e-09 2.487529e-09
        290 3.476267e-08 2.409664e-08 2.551079e-09 2.224175e-09
        291 3.693357e-08 2.677334e-08 2.721708e-09 1.819755e-09
        292 4.175302e-08 2.737885e-08 3.017651e-09 2.074669e-09
        293 4.284696e-08 2.459878e-08 2.859493e-09 3.038631e-09
        294 3.901749e-08 2.363144e-08 2.681166e-09 2.332508e-09
        295 3.521296e-08 2.638897e-08 2.960280e-09 2.359025e-09
        296 3.799170e-08 2.978662e-08 2.282826e-09 1.821429e-09
        297 4.712460e-08 3.159279e-08 2.540888e-09 1.554080e-09
        298 5.241043e-08 2.955326e-08 2.712955e-09 2.766498e-09
        299 4.746507e-08 2.584944e-08 2.199157e-09 1.968263e-09
        300 3.889308e-08 2.660423e-08 2.306745e-09 2.375152e-09
        301 3.792408e-08 3.181670e-08 2.578363e-09 2.313028e-09
        302 4.801818e-08 3.720434e-08 2.628519e-09 1.372268e-09
        303 5.977014e-08 3.894357e-08 2.709802e-09 2.138162e-09
        304 6.050717e-08 3.426417e-08 2.158565e-09 1.907962e-09
        305 5.080702e-08 2.825674e-08 2.166819e-09 1.677567e-09
        306 4.316743e-08 3.036259e-08 1.948722e-09 2.312670e-09
        307 4.718454e-08 4.006399e-08 2.440420e-09 1.683532e-09
        308 6.110275e-08 4.852453e-08 3.041293e-09 1.714320e-09
        309 7.239358e-08 4.898945e-08 2.243922e-09 1.820473e-09
        310 7.002804e-08 4.141284e-08 2.215376e-09 1.522847e-09
        311 5.887513e-08 3.436149e-08 2.034561e-09 1.398965e-09
        312 5.305243e-08 3.771745e-08 1.701630e-09 1.914223e-09
        313 5.966881e-08 5.034610e-08 2.091090e-09 1.612687e-09
        314 7.403264e-08 6.144660e-08 2.919401e-09 1.770570e-09
        315 8.375255e-08 6.182596e-08 2.028707e-09 1.765562e-09
        316 8.030692e-08 5.219460e-08 2.014698e-09 1.166316e-09
        317 6.972648e-08 4.325245e-08 1.916503e-09 1.336478e-09
        318 6.471537e-08 4.560253e-08 1.337356e-09 1.963657e-09
        319 7.081940e-08 5.904538e-08 1.838297e-09 1.302629e-09
        320 8.408098e-08 7.302127e-08 2.863991e-09 2.027260e-09
        321 9.410527e-08 7.599358e-08 1.435773e-09 1.456651e-09
        322 9.221592e-08 6.657679e-08 1.996601e-09 9.698780e-10
        323 8.234545e-08 5.576278e-08 1.563677e-09 1.358954e-09
        324 7.631462e-08 5.515450e-08 1.281489e-09 1.681242e-09
        325 8.057500e-08 6.628933e-08 1.845116e-09 1.396123e-09
        326 9.321738e-08 8.163047e-08 2.246032e-09 1.940226e-09
        327 1.052799e-07 8.937381e-08 1.519689e-09 1.328987e-09
        328 1.062851e-07 8.323954e-08 1.400131e-09 7.629535e-10
        329 9.669174e-08 7.103032e-08 1.453058e-09 1.376161e-09
        330 8.823847e-08 6.637059e-08 1.095326e-09 1.376233e-09
        331 9.006153e-08 7.427237e-08 1.660322e-09 1.585106e-09
        332 1.022662e-07 8.953936e-08 2.179825e-09 1.663159e-09
