# Cuts through the PSF

# Note that for the two diagonal cuts, the positions have to be
# computed as x*sqrt(2).

#x [pixels]     psf(x,0)     psf(0,x)     psf(x,x)    psf(x,-x)
       -390 2.156190e-09 1.832486e-09 1.628905e-09 1.628905e-09
       -389 2.099906e-09 4.519223e-09 2.835528e-09 1.390675e-09
       -388 2.830859e-09 2.930856e-09 2.943025e-09 2.269122e-09
       -387 1.861697e-09 2.781691e-09 2.678121e-09 3.108390e-09
       -386 1.213803e-09 4.877669e-09 1.849470e-09 2.667274e-09
       -385 2.581651e-09 4.039453e-09 2.562006e-09 2.680286e-09
       -384 2.746186e-09 3.839947e-09 3.990485e-09 3.447265e-09
       -383 1.273451e-09 3.408448e-09 2.838768e-09 3.524224e-09
       -382 2.224680e-09 1.524291e-09 2.291045e-09 2.166177e-09
       -381 5.217729e-09 4.779360e-09 2.124324e-09 1.519682e-09
       -380 6.831196e-09 8.020033e-09 4.063979e-09 3.100393e-09
       -379 5.877224e-09 3.291275e-09 3.917902e-09 4.038594e-09
       -378 3.245168e-09 1.423384e-09 2.940577e-09 3.465309e-09
       -377 2.180250e-09 5.206341e-09 2.851665e-09 1.617084e-09
       -376 3.007941e-09 4.134170e-09 4.060506e-09 2.013376e-09
       -375 2.580558e-09 2.578741e-09 3.639096e-09 3.402153e-09
       -374 2.054630e-09 4.897516e-09 3.311148e-09 4.111321e-09
       -373 3.208791e-09 4.232259e-09 2.327094e-09 3.403091e-09
       -372 3.224096e-09 3.835694e-09 4.322796e-09 3.417281e-09
       -371 1.780670e-09 4.638719e-09 3.961380e-09 3.207627e-09
       -370 2.576691e-09 2.703865e-09 3.580978e-09 3.365211e-09
       -369 5.384903e-09 5.886534e-09 3.011265e-09 2.351289e-09
       -368 7.283712e-09 1.009688e-08 5.671394e-09 3.111620e-09
       -367 6.607538e-09 4.525968e-09 7.817050e-09 5.222884e-09
       -366 3.392339e-09 1.738765e-09 7.679160e-09 6.596450e-09
       -365 1.985448e-09 5.527163e-09 6.553283e-09 5.275770e-09
       -364 3.405564e-09 4.155099e-09 6.602895e-09 4.240182e-09
       -363 3.086876e-09 3.252364e-09 6.897270e-09 4.838820e-09
       -362 2.607709e-09 5.179725e-09 6.785799e-09 6.274294e-09
       -361 4.209630e-09 3.401925e-09 5.546674e-09 5.720029e-09
       -360 3.896808e-09 4.116109e-09 6.462664e-09 4.968905e-09
       -359 2.217248e-09 5.218138e-09 6.509176e-09 4.687725e-09
       -358 3.343905e-09 3.513655e-09 6.709377e-09 5.913032e-09
       -357 6.026688e-09 8.051821e-09 7.993864e-09 5.827642e-09
       -356 7.256103e-09 9.720805e-09 1.142097e-08 6.786205e-09
       -355 5.867685e-09 3.928585e-09 1.340822e-08 8.795659e-09
       -354 3.284075e-09 4.305040e-09 1.274345e-08 1.032583e-08
       -353 3.383257e-09 5.455256e-09 1.377744e-08 1.076729e-08
       -352 4.659849e-09 3.069231e-09 1.452371e-08 9.774206e-09
       -351 3.847171e-09 4.298040e-09 1.391181e-08 9.613176e-09
       -350 4.109884e-09 3.528302e-09 1.119416e-08 8.704597e-09
       -349 5.031334e-09 2.986305e-09 1.176026e-08 9.582052e-09
       -348 3.595555e-09 5.371810e-09 1.220543e-08 1.037555e-08
       -347 3.449354e-09 3.878792e-09 1.271733e-08 1.119550e-08
       -346 5.447914e-09 6.117457e-09 1.359172e-08 1.039102e-08
       -345 6.770864e-09 9.809727e-09 1.888667e-08 1.199303e-08
       -344 7.184810e-09 5.610762e-09 2.228246e-08 1.512009e-08
       -343 6.117562e-09 4.979205e-09 2.166762e-08 1.670917e-08
       -342 5.516303e-09 7.285723e-09 2.136577e-08 1.676016e-08
       -341 6.207773e-09 4.724548e-09 2.415938e-08 1.666390e-08
       -340 5.315889e-09 3.919895e-09 2.459863e-08 1.745163e-08
       -339 4.695119e-09 3.513638e-09 2.238715e-08 1.678138e-08
       -338 4.923845e-09 3.419338e-09 2.124564e-08 1.580572e-08
       -337 4.236147e-09 4.966108e-09 2.114273e-08 1.680849e-08
       -336 4.684293e-09 4.191092e-09 2.216948e-08 1.895066e-08
       -335 5.286480e-09 6.456052e-09 2.395393e-08 1.926510e-08
       -334 5.305511e-09 8.012719e-09 2.972152e-08 1.998333e-08
       -333 6.610762e-09 5.964734e-09 3.312677e-08 2.165816e-08
       -332 7.249882e-09 8.908445e-09 3.387548e-08 2.403821e-08
       -331 7.223165e-09 9.431724e-09 3.490911e-08 2.631400e-08
       -330 7.481922e-09 4.882319e-09 3.747870e-08 2.720567e-08
       -329 6.645210e-09 3.977743e-09 3.574525e-08 2.704409e-08
       -328 5.426033e-09 4.267975e-09 3.484617e-08 2.701466e-08
       -327 4.253800e-09 5.065785e-09 3.508586e-08 2.854428e-08
       -326 4.472772e-09 7.182809e-09 3.681154e-08 3.107994e-08
       -325 5.494150e-09 8.141537e-09 3.746796e-08 3.099174e-08
       -324 4.428570e-09 7.644890e-09 4.041889e-08 3.055885e-08
       -323 4.883386e-09 6.742389e-09 4.716917e-08 3.318574e-08
       -322 7.390814e-09 9.755876e-09 5.158448e-08 3.717112e-08
       -321 7.396979e-09 1.137429e-08 5.204681e-08 3.920104e-08
       -320 7.365212e-09 7.045554e-09 5.230032e-08 3.792554e-08
       -319 8.334508e-09 4.547963e-09 5.274158e-08 3.708742e-08
       -318 7.816594e-09 4.828387e-09 5.191408e-08 3.854519e-08
       -317 6.504191e-09 5.052439e-09 5.202657e-08 4.207009e-08
       -316 5.583431e-09 7.501179e-09 5.205708e-08 4.464576e-08
       -315 5.502652e-09 1.086094e-08 5.614173e-08 4.572914e-08
       -314 5.097123e-09 1.109628e-08 6.112690e-08 4.809462e-08
       -313 5.546728e-09 8.980073e-09 6.966086e-08 5.180967e-08
       -312 8.249401e-09 1.028706e-08 7.415742e-08 5.268684e-08
       -311 8.823323e-09 1.238303e-08 7.574048e-08 5.291190e-08
       -310 7.986076e-09 9.013020e-09 7.573648e-08 5.415118e-08
       -309 9.810279e-09 5.126392e-09 7.535070e-08 5.546258e-08
       -308 1.077532e-08 4.966596e-09 7.126803e-08 5.349797e-08
       -307 8.623065e-09 5.135855e-09 7.020709e-08 5.421905e-08
       -306 6.330991e-09 7.088993e-09 7.189510e-08 5.809751e-08
       -305 5.742451e-09 1.293904e-08 8.015462e-08 6.219003e-08
       -304 5.751025e-09 1.495459e-08 8.768772e-08 6.585378e-08
       -303 6.164150e-09 1.018858e-08 9.506734e-08 6.767754e-08
       -302 8.553350e-09 1.043803e-08 9.841925e-08 6.816626e-08
       -301 9.632330e-09 1.399935e-08 1.010181e-07 7.158295e-08
       -300 8.563787e-09 9.710617e-09 1.016729e-07 7.624203e-08
       -299 1.043444e-08 5.019756e-09 9.664241e-08 7.428887e-08
       -298 1.202389e-08 5.432526e-09 8.959701e-08 6.786336e-08
       -297 9.226054e-09 5.388461e-09 8.978770e-08 7.030427e-08
       -296 6.778385e-09 9.238978e-09 9.685406e-08 7.786650e-08
       -295 6.750540e-09 1.756705e-08 1.051749e-07 7.994571e-08
       -294 7.354657e-09 1.606312e-08 1.109171e-07 7.798087e-08
       -293 8.559783e-09 9.096689e-09 1.165047e-07 7.955390e-08
       -292 9.381225e-09 1.215336e-08 1.226176e-07 8.866994e-08
       -291 8.076775e-09 1.359036e-08 1.244413e-07 9.462534e-08
       -290 8.348170e-09 7.774229e-09 1.197028e-07 9.113403e-08
       -289 1.188892e-08 7.285081e-09 1.125601e-07 8.302125e-08
       -288 1.215402e-08 6.873767e-09 1.124011e-07 8.637053e-08
       -287 9.362570e-09 7.217389e-09 1.185607e-07 9.596598e-08
       -286 8.926783e-09 1.705247e-08 1.257780e-07 9.518229e-08
       -285 9.302396e-09 1.955040e-08 1.305871e-07 9.006780e-08
       -284 1.002528e-08 1.010204e-08 1.339466e-07 9.279384e-08
       -283 1.109681e-08 9.146291e-09 1.379808e-07 1.042845e-07
       -282 9.585822e-09 1.189459e-08 1.396190e-07 1.080957e-07
       -281 8.460718e-09 8.564027e-09 1.344677e-07 9.956711e-08
       -280 1.118988e-08 8.894612e-09 1.299434e-07 9.396134e-08
       -279 1.267715e-08 7.696602e-09 1.292558e-07 1.039559e-07
       -278 1.036368e-08 5.631372e-09 1.340382e-07 1.139078e-07
       -277 9.141333e-09 1.551034e-08 1.391071e-07 1.055888e-07
       -276 9.675784e-09 1.949067e-08 1.484098e-07 1.011953e-07
       -275 1.176339e-08 8.848458e-09 1.532536e-07 1.138944e-07
       -274 1.609005e-08 6.569291e-09 1.539411e-07 1.275495e-07
       -273 1.601923e-08 1.032048e-08 1.504073e-07 1.205709e-07
       -272 1.227930e-08 9.800893e-09 1.468845e-07 1.075529e-07
       -271 1.225372e-08 1.263654e-08 1.472942e-07 1.118203e-07
       -270 1.117107e-08 9.994848e-09 1.446435e-07 1.270923e-07
       -269 9.318738e-09 5.914560e-09 1.429169e-07 1.237499e-07
       -268 1.204707e-08 1.633168e-08 1.457388e-07 1.059135e-07
       -267 1.299952e-08 1.676885e-08 1.568573e-07 1.115493e-07
       -266 1.455176e-08 4.709420e-09 1.583628e-07 1.353555e-07
       -265 1.999562e-08 7.872911e-09 1.568726e-07 1.406042e-07
       -264 1.828389e-08 1.106702e-08 1.502122e-07 1.192620e-07
       -263 1.236199e-08 1.141475e-08 1.557910e-07 1.129751e-07
       -262 1.057179e-08 1.718808e-08 1.614652e-07 1.373137e-07
       -261 1.005551e-08 1.111480e-08 1.572783e-07 1.508754e-07
       -260 1.288873e-08 1.098299e-08 1.458989e-07 1.229550e-07
       -259 1.501708e-08 1.813302e-08 1.526595e-07 1.090323e-07
       -258 1.446588e-08 8.185816e-09 1.628394e-07 1.412828e-07
       -257 1.994274e-08 5.352976e-09 1.611272e-07 1.644270e-07
       -256 2.197416e-08 1.149505e-08 1.485553e-07 1.308577e-07
       -255 1.655558e-08 1.142193e-08 1.499310e-07 1.016937e-07
       -254 1.430064e-08 1.752765e-08 1.686789e-07 1.327505e-07
       -253 1.211007e-08 1.762366e-08 1.659918e-07 1.703868e-07
       -252 1.283160e-08 1.519959e-08 1.455091e-07 1.409670e-07
       -251 1.753305e-08 1.930908e-08 1.443219e-07 1.076935e-07
       -250 1.840121e-08 1.092779e-08 1.663846e-07 1.429049e-07
       -249 2.227571e-08 4.924138e-09 1.702743e-07 1.829921e-07
       -248 2.361792e-08 9.711039e-09 1.580808e-07 1.470546e-07
       -247 1.821882e-08 1.256251e-08 1.535809e-07 1.006570e-07
       -246 1.985370e-08 2.104705e-08 1.726414e-07 1.295156e-07
       -245 2.116320e-08 2.450672e-08 1.683741e-07 1.739889e-07
       -244 1.731051e-08 2.168027e-08 1.451231e-07 1.437956e-07
       -243 1.808589e-08 2.196943e-08 1.413718e-07 1.059750e-07
       -242 2.470994e-08 1.370849e-08 1.627383e-07 1.404811e-07
       -241 3.532577e-08 7.800751e-09 1.680242e-07 1.783164e-07
       -240 3.371652e-08 1.141486e-08 1.564591e-07 1.421038e-07
       -239 2.230956e-08 1.565963e-08 1.547553e-07 1.021242e-07
       -238 2.488010e-08 2.455853e-08 1.671377e-07 1.304023e-07
       -237 2.852696e-08 2.827245e-08 1.636360e-07 1.633994e-07
       -236 2.070756e-08 2.620666e-08 1.464709e-07 1.348500e-07
       -235 1.888104e-08 2.427483e-08 1.479043e-07 1.148585e-07
       -234 3.245454e-08 1.649150e-08 1.573030e-07 1.437245e-07
       -233 4.620559e-08 1.438691e-08 1.575206e-07 1.578220e-07
       -232 3.883688e-08 1.750802e-08 1.495924e-07 1.233791e-07
       -231 2.842214e-08 1.973221e-08 1.560760e-07 1.054336e-07
       -230 3.268916e-08 2.847266e-08 1.598487e-07 1.295834e-07
       -229 2.838812e-08 3.291270e-08 1.510475e-07 1.373550e-07
       -228 1.796616e-08 2.907399e-08 1.414986e-07 1.156154e-07
       -227 2.692612e-08 2.462357e-08 1.439148e-07 1.162468e-07
       -226 4.421598e-08 2.147273e-08 1.429474e-07 1.332957e-07
       -225 4.440804e-08 2.198921e-08 1.370703e-07 1.225358e-07
       -224 3.748774e-08 2.162255e-08 1.394334e-07 9.798797e-08
       -223 4.084772e-08 2.711333e-08 1.497123e-07 1.045676e-07
       -222 3.398605e-08 3.708134e-08 1.466434e-07 1.201887e-07
       -221 1.749349e-08 3.307723e-08 1.340420e-07 1.061223e-07
       -220 2.267794e-08 2.465196e-08 1.308751e-07 9.346761e-08
       -219 4.142498e-08 2.428604e-08 1.290189e-07 1.045378e-07
       -218 4.795922e-08 2.400857e-08 1.209796e-07 1.102963e-07
       -217 4.700490e-08 2.597061e-08 1.179954e-07 8.844491e-08
       -216 4.460854e-08 3.365468e-08 1.262744e-07 8.329320e-08
       -215 3.578111e-08 3.869403e-08 1.292836e-07 9.488941e-08
       -214 2.862990e-08 3.061614e-08 1.184194e-07 9.083269e-08
       -213 3.318590e-08 2.219129e-08 1.090858e-07 7.292284e-08
       -212 4.217368e-08 2.422022e-08 1.021197e-07 7.078072e-08
       -211 4.847739e-08 2.334467e-08 9.663270e-08 8.052636e-08
       -210 4.743007e-08 2.495705e-08 9.554144e-08 7.464399e-08
       -209 3.856099e-08 3.538844e-08 1.019182e-07 6.964626e-08
       -208 3.766230e-08 3.820477e-08 1.034590e-07 6.792983e-08
       -207 4.241075e-08 2.446311e-08 9.917743e-08 7.169296e-08
       -206 3.813678e-08 1.903833e-08 8.606958e-08 6.210214e-08
       -205 3.576933e-08 2.927690e-08 7.283536e-08 5.805781e-08
       -204 4.679261e-08 3.307146e-08 7.163364e-08 5.462189e-08
       -203 4.641707e-08 2.888968e-08 8.151671e-08 6.028245e-08
       -202 3.421483e-08 3.489666e-08 7.997716e-08 5.327523e-08
       -201 4.180416e-08 3.309910e-08 6.880450e-08 4.627678e-08
       -200 4.805622e-08 1.834505e-08 6.931879e-08 5.263720e-08
       -199 3.285702e-08 2.035505e-08 6.082124e-08 5.247626e-08
       -198 3.444232e-08 3.413716e-08 5.592443e-08 4.387644e-08
       -197 4.708678e-08 3.565169e-08 6.010846e-08 3.854224e-08
       -196 4.067234e-08 3.391575e-08 7.116085e-08 5.497316e-08
       -195 5.323184e-08 3.287043e-08 4.851886e-08 3.512348e-08
       -194 7.056994e-08 1.885218e-08 4.819727e-08 3.214913e-08
       -193 4.475484e-08 1.700067e-08 4.571105e-08 3.529924e-08
       -192 3.236059e-08 3.303926e-08 4.896832e-08 3.923910e-08
       -191 4.881531e-08 4.096297e-08 4.221685e-08 2.101063e-08
       -190 4.095511e-08 3.797134e-08 5.317909e-08 4.201161e-08
       -189 5.631608e-08 3.494876e-08 4.242045e-08 3.162950e-08
       -188 8.926717e-08 2.189173e-08 4.065283e-08 2.598417e-08
       -187 6.465665e-08 2.154887e-08 3.649926e-08 2.806796e-08
       -186 4.839210e-08 5.268647e-08 4.289915e-08 4.115588e-08
       -185 6.134178e-08 6.634920e-08 3.841323e-08 2.867585e-08
       -184 4.119753e-08 4.458238e-08 4.356129e-08 3.520748e-08
       -183 5.583666e-08 3.699690e-08 4.444701e-08 1.971637e-08
       -182 9.342600e-08 3.394610e-08 3.996474e-08 2.254503e-08
       -181 7.147826e-08 3.517976e-08 3.311956e-08 3.070027e-08
       -180 5.881742e-08 7.543190e-08 4.119194e-08 4.173187e-08
       -179 6.339151e-08 9.548773e-08 5.496324e-08 3.020308e-08
       -178 4.251670e-08 6.063928e-08 8.075652e-08 3.927044e-08
       -177 5.850312e-08 4.143146e-08 6.784074e-08 3.617365e-08
       -176 8.209706e-08 4.442344e-08 5.295811e-08 3.747139e-08
       -175 6.847125e-08 5.683946e-08 5.395569e-08 3.538999e-08
       -174 7.136835e-08 9.501888e-08 7.887979e-08 4.456980e-08
       -173 6.416469e-08 9.806398e-08 9.487445e-08 5.381913e-08
       -172 4.337286e-08 5.576031e-08 1.106972e-07 7.066737e-08
       -171 6.576779e-08 4.599578e-08 8.164178e-08 5.655014e-08
       -170 7.852626e-08 5.825122e-08 7.374931e-08 3.660224e-08
       -169 7.378952e-08 7.636149e-08 9.996928e-08 3.851485e-08
       -168 7.708019e-08 1.077728e-07 1.229889e-07 6.675543e-08
       -167 4.913061e-08 9.984842e-08 1.362407e-07 8.633861e-08
       -166 4.343300e-08 7.270055e-08 1.427614e-07 7.898370e-08
       -165 7.356774e-08 6.423194e-08 1.252124e-07 5.601757e-08
       -164 7.757035e-08 6.415654e-08 1.320520e-07 6.504899e-08
       -163 7.538358e-08 9.784605e-08 1.531699e-07 9.618327e-08
       -162 5.868322e-08 1.182150e-07 1.819046e-07 1.044650e-07
       -161 3.471217e-08 9.088092e-08 2.321918e-07 1.158105e-07
       -160 5.017692e-08 7.204687e-08 2.175245e-07 1.195815e-07
       -159 6.684436e-08 6.653921e-08 1.949535e-07 1.275404e-07
       -158 6.389329e-08 9.365449e-08 1.919371e-07 1.307842e-07
       -157 5.185034e-08 1.250487e-07 2.452733e-07 1.357746e-07
       -156 3.975515e-08 9.472860e-08 3.107575e-07 1.725935e-07
       -155 4.152746e-08 6.966155e-08 2.938563e-07 1.925982e-07
       -154 5.099425e-08 8.396936e-08 2.434861e-07 1.907043e-07
       -153 5.578611e-08 1.063042e-07 2.388559e-07 1.721621e-07
       -152 4.389715e-08 1.191769e-07 3.156758e-07 1.931555e-07
       -151 4.384112e-08 9.262197e-08 3.889702e-07 2.384198e-07
       -150 5.966361e-08 8.006942e-08 3.647999e-07 2.397705e-07
       -149 6.325518e-08 1.149543e-07 3.103522e-07 2.362877e-07
       -148 6.025657e-08 1.293693e-07 3.431382e-07 2.517149e-07
       -147 7.299663e-08 1.077698e-07 4.332672e-07 3.261371e-07
       -146 1.091169e-07 8.514147e-08 4.756700e-07 3.277930e-07
       -145 1.086231e-07 9.728979e-08 4.097246e-07 2.860016e-07
       -144 8.067632e-08 1.448485e-07 3.809445e-07 2.945684e-07
       -143 1.235751e-07 1.518044e-07 4.909427e-07 3.842627e-07
       -142 1.885302e-07 9.623588e-08 5.666670e-07 4.621642e-07
       -141 1.632827e-07 9.625398e-08 5.154463e-07 3.812766e-07
       -140 1.138549e-07 2.174725e-07 4.621527e-07 3.338897e-07
       -139 1.524335e-07 2.762927e-07 5.806572e-07 4.299915e-07
       -138 2.299960e-07 1.467356e-07 6.842292e-07 6.314937e-07
       -137 2.232193e-07 8.385168e-08 6.004371e-07 5.686834e-07
       -136 1.531407e-07 2.579347e-07 5.548812e-07 4.062255e-07
       -135 1.771985e-07 3.781275e-07 7.730079e-07 4.565526e-07
       -134 2.811165e-07 2.281009e-07 9.187449e-07 7.389070e-07
       -133 2.899292e-07 1.028975e-07 6.905267e-07 7.423270e-07
       -132 1.993033e-07 2.582180e-07 5.509403e-07 4.583415e-07
       -131 2.488158e-07 4.306261e-07 8.428876e-07 4.529286e-07
       -130 4.336482e-07 3.180996e-07 1.163253e-06 8.343382e-07
       -129 4.296427e-07 1.389275e-07 8.448171e-07 9.622761e-07
       -128 2.766505e-07 2.523427e-07 5.633863e-07 5.774959e-07
       -127 3.510626e-07 4.642986e-07 8.544994e-07 4.696141e-07
       -126 5.694562e-07 3.760377e-07 1.375575e-06 8.676333e-07
       -125 5.081953e-07 1.672654e-07 1.122044e-06 1.102552e-06
       -124 3.027577e-07 2.656137e-07 6.788305e-07 7.302581e-07
       -123 4.171547e-07 4.738334e-07 8.974068e-07 5.992750e-07
       -122 6.337850e-07 3.789860e-07 1.528769e-06 1.038732e-06
       -121 5.016493e-07 2.092719e-07 1.446028e-06 1.308134e-06
       -120 3.147312e-07 3.011041e-07 9.436308e-07 9.081618e-07
       -119 4.798989e-07 4.508181e-07 1.037904e-06 7.707295e-07
       -118 7.429776e-07 4.788536e-07 1.657403e-06 1.237453e-06
       -117 7.083437e-07 4.461383e-07 1.697449e-06 1.439878e-06
       -116 5.021585e-07 3.414488e-07 1.249576e-06 9.934022e-07
       -115 5.664779e-07 3.896565e-07 1.243080e-06 8.739539e-07
       -114 8.957248e-07 6.949425e-07 1.773717e-06 1.350825e-06
       -113 9.137954e-07 6.432783e-07 1.926079e-06 1.531322e-06
       -112 5.701114e-07 2.801597e-07 1.672991e-06 1.198144e-06
       -111 5.708142e-07 4.948257e-07 1.623768e-06 1.122679e-06
       -110 9.392351e-07 9.103351e-07 2.027741e-06 1.509155e-06
       -109 8.180423e-07 5.875179e-07 2.205364e-06 1.684551e-06
       -108 3.492450e-07 2.703939e-07 2.062622e-06 1.547218e-06
       -107 5.927432e-07 7.635952e-07 2.058437e-06 1.486664e-06
       -106 9.737071e-07 8.974489e-07 2.343545e-06 1.665823e-06
       -105 4.393621e-07 3.120674e-07 2.391213e-06 1.804443e-06
       -104 3.386720e-07 5.092424e-07 2.264182e-06 1.797907e-06
       -103 9.788607e-07 9.887717e-07 2.355841e-06 1.792384e-06
       -102 6.849603e-07 4.926588e-07 2.592523e-06 1.903891e-06
       -101 2.293601e-07 2.907284e-07 2.595825e-06 1.955547e-06
       -100 7.591184e-07 8.177636e-07 2.495931e-06 1.938472e-06
        -99 9.230588e-07 8.041136e-07 2.943058e-06 2.052771e-06
        -98 4.053606e-07 5.682779e-07 3.207665e-06 2.120120e-06
        -97 5.181745e-07 7.716320e-07 2.881779e-06 2.129016e-06
        -96 8.502090e-07 9.067683e-07 2.966887e-06 2.301554e-06
        -95 5.475852e-07 8.626315e-07 3.449084e-06 2.477544e-06
        -94 5.184231e-07 9.034053e-07 3.550678e-06 2.389304e-06
        -93 8.355996e-07 9.702784e-07 3.491049e-06 2.340926e-06
        -92 6.148820e-07 1.014672e-06 3.774566e-06 2.589603e-06
        -91 6.843867e-07 9.849274e-07 3.818437e-06 2.960569e-06
        -90 1.291692e-06 9.817146e-07 3.933041e-06 2.993141e-06
        -89 1.250645e-06 1.044039e-06 4.168431e-06 2.707105e-06
        -88 1.142207e-06 9.847506e-07 4.074343e-06 3.093692e-06
        -87 1.701966e-06 1.076933e-06 4.430034e-06 3.418910e-06
        -86 1.821831e-06 1.168436e-06 4.534796e-06 3.321877e-06
        -85 1.498389e-06 9.200610e-07 4.479648e-06 3.593523e-06
        -84 1.839482e-06 9.982085e-07 4.939800e-06 3.770100e-06
        -83 1.978798e-06 1.083933e-06 5.183227e-06 4.122714e-06
        -82 1.549969e-06 6.871993e-07 4.916466e-06 4.365766e-06
        -81 1.896225e-06 7.229436e-07 5.485119e-06 4.365435e-06
        -80 2.137946e-06 8.295933e-07 5.032809e-06 4.682740e-06
        -79 1.851353e-06 6.391334e-07 5.350711e-06 4.628285e-06
        -78 2.167648e-06 7.927812e-07 5.822052e-06 4.666072e-06
        -77 2.059790e-06 8.149748e-07 4.988249e-06 4.710423e-06
        -76 1.734273e-06 7.854783e-07 6.104135e-06 4.481195e-06
        -75 1.856028e-06 9.058551e-07 5.514705e-06 4.565387e-06
        -74 1.387705e-06 9.116062e-07 6.102352e-06 4.169211e-06
        -73 1.191112e-06 1.122161e-06 6.278600e-06 4.847566e-06
        -72 1.389857e-06 1.104958e-06 6.130802e-06 4.672771e-06
        -71 1.184817e-06 1.020180e-06 6.579254e-06 4.317495e-06
        -70 1.213451e-06 1.231515e-06 6.467017e-06 4.795768e-06
        -69 1.319729e-06 1.084633e-06 6.837813e-06 4.408628e-06
        -68 1.611722e-06 1.007280e-06 6.573957e-06 4.974024e-06
        -67 1.826940e-06 1.205802e-06 7.304440e-06 4.390005e-06
        -66 1.697541e-06 1.159757e-06 6.586943e-06 5.050556e-06
        -65 2.186166e-06 1.185570e-06 7.163353e-06 4.717985e-06
        -64 2.330756e-06 1.238637e-06 6.091237e-06 4.900475e-06
        -63 2.301601e-06 1.120171e-06 7.084644e-06 4.577291e-06
        -62 2.865296e-06 1.081930e-06 6.463119e-06 4.473521e-06
        -61 2.936431e-06 1.015238e-06 7.716427e-06 4.787606e-06
        -60 3.123986e-06 9.002238e-07 6.928894e-06 5.083009e-06
        -59 3.380574e-06 9.052138e-07 7.562351e-06 5.250572e-06
        -58 3.277204e-06 8.691601e-07 6.992076e-06 5.301989e-06
        -57 3.360333e-06 7.497799e-07 7.532183e-06 5.190863e-06
        -56 3.098238e-06 6.613044e-07 7.176730e-06 5.616514e-06
        -55 2.811075e-06 5.930518e-07 7.638437e-06 6.285403e-06
        -54 2.795159e-06 5.619266e-07 7.371561e-06 6.757292e-06
        -53 2.797061e-06 7.637536e-07 8.206818e-06 6.921061e-06
        -52 3.281297e-06 1.051523e-06 9.443389e-06 6.597626e-06
        -51 3.433362e-06 1.313813e-06 1.013191e-05 5.915173e-06
        -50 3.596941e-06 1.855909e-06 1.052954e-05 5.488485e-06
        -49 4.156893e-06 2.531414e-06 1.033741e-05 5.261535e-06
        -48 4.499114e-06 3.051356e-06 1.053548e-05 5.640759e-06
        -47 5.275175e-06 3.406160e-06 1.058222e-05 5.466439e-06
        -46 6.218092e-06 3.832085e-06 1.111781e-05 5.097150e-06
        -45 6.903005e-06 4.632672e-06 1.031924e-05 4.813979e-06
        -44 8.158040e-06 5.963017e-06 9.355458e-06 5.662939e-06
        -43 1.037259e-05 7.540541e-06 8.107155e-06 6.772781e-06
        -42 1.284205e-05 8.792552e-06 8.290186e-06 7.499342e-06
        -41 1.409430e-05 9.290829e-06 8.442806e-06 7.339220e-06
        -40 1.429037e-05 9.351877e-06 7.848486e-06 7.034698e-06
        -39 1.398379e-05 9.126446e-06 7.247306e-06 6.697560e-06
        -38 1.302688e-05 8.025120e-06 6.886748e-06 6.147817e-06
        -37 1.197346e-05 5.906996e-06 5.838953e-06 5.045605e-06
        -36 1.087694e-05 3.551429e-06 4.547401e-06 3.796935e-06
        -35 1.051352e-05 2.666511e-06 5.054553e-06 4.459733e-06
        -34 1.166884e-05 4.816649e-06 6.704648e-06 7.628837e-06
        -33 1.384855e-05 9.050846e-06 7.028455e-06 1.082540e-05
        -32 1.604621e-05 1.233994e-05 7.532278e-06 1.278872e-05
        -31 1.594415e-05 1.459915e-05 1.050133e-05 1.543025e-05
        -30 1.440887e-05 1.985306e-05 1.414590e-05 1.810428e-05
        -29 1.460532e-05 2.899604e-05 1.554543e-05 1.677807e-05
        -28 1.446687e-05 3.630601e-05 1.606946e-05 1.364062e-05
        -27 1.198849e-05 3.770752e-05 1.720070e-05 1.240549e-05
        -26 1.005887e-05 3.601103e-05 1.730404e-05 1.226986e-05
        -25 1.085835e-05 3.297539e-05 1.718745e-05 1.185878e-05
        -24 1.305686e-05 2.911869e-05 1.904933e-05 1.127837e-05
        -23 1.649257e-05 2.983044e-05 1.923197e-05 9.001254e-06
        -22 2.024786e-05 3.320986e-05 1.465741e-05 8.422837e-06
        -21 1.888465e-05 2.798442e-05 1.573229e-05 1.365503e-05
        -20 1.474657e-05 2.391234e-05 2.063694e-05 1.756719e-05
        -19 2.033384e-05 4.087414e-05 2.498232e-05 1.604999e-05
        -18 3.782273e-05 6.099301e-05 2.979233e-05 1.945060e-05
        -17 6.492414e-05 5.616550e-05 5.326077e-05 8.331523e-05
        -16 8.310397e-05 5.191428e-05 8.044301e-05 1.688737e-04
        -15 1.360616e-04 1.673553e-04 7.898192e-05 1.653595e-04
        -14 2.811587e-04 4.123274e-04 4.416378e-05 7.124846e-05
        -13 3.537851e-04 4.818721e-04 3.768445e-05 3.275538e-05
        -12 2.360872e-04 2.785409e-04 6.364431e-05 6.656504e-05
        -11 1.392448e-04 1.532636e-04 5.003362e-05 5.687541e-05
        -10 6.359346e-05 1.014167e-04 2.643698e-05 3.658325e-05
         -9 5.455273e-05 3.273940e-05 3.233875e-05 5.966906e-05
         -8 2.215794e-04 1.097493e-04 1.414420e-04 1.072202e-04
         -7 2.082562e-04 1.195721e-04 1.051287e-04 8.830798e-05
         -6 1.401509e-03 8.355134e-04 1.716409e-04 9.032464e-05
         -5 4.593251e-03 2.845337e-03 1.552419e-04 1.260109e-04
         -4 4.225019e-03 2.439878e-03 2.131917e-03 2.326767e-03
         -3 1.144422e-03 1.248466e-03 4.340653e-03 4.638468e-03
         -2 1.405044e-02 1.557679e-02 1.738299e-03 1.478454e-03
         -1 4.746052e-02 4.856268e-02 3.341486e-02 3.242112e-02
          0 6.730735e-02 6.730735e-02 6.730735e-02 6.730735e-02
          1 4.866948e-02 4.757460e-02 3.393532e-02 3.438076e-02
          2 1.620471e-02 1.459360e-02 2.065850e-03 2.098852e-03
          3 1.449897e-03 1.011347e-03 2.534215e-03 2.620131e-03
          4 1.466989e-03 2.763368e-03 1.572802e-03 1.765737e-03
          5 1.778236e-03 3.168492e-03 7.341170e-05 1.391571e-04
          6 4.930468e-04 9.178842e-04 3.241476e-05 7.688395e-05
          7 7.327223e-05 8.920237e-05 1.785902e-04 2.369502e-04
          8 6.540408e-05 9.486233e-05 1.236317e-04 1.408307e-04
          9 3.037878e-05 4.609970e-05 1.815036e-05 6.116727e-05
         10 9.378935e-05 1.645804e-04 1.016395e-05 4.852432e-05
         11 9.924444e-05 1.788236e-04 2.517372e-06 2.335947e-05
         12 1.091580e-04 5.992377e-05 5.002914e-06 2.986277e-05
         13 1.887550e-04 5.227020e-05 1.044324e-05 2.751840e-05
         14 1.504702e-04 5.927380e-05 4.615812e-05 6.303327e-05
         15 4.680482e-05 2.110737e-05 9.135991e-05 1.167644e-04
         16 2.236868e-05 1.516866e-05 8.662423e-05 1.056501e-04
         17 3.867575e-05 4.640406e-05 4.488612e-05 4.459376e-05
         18 3.891988e-05 6.617083e-05 2.168639e-05 1.021120e-05
         19 2.840312e-05 6.115824e-05 2.010983e-05 1.231326e-05
         20 2.772443e-05 5.787956e-05 1.860019e-05 2.014523e-05
         21 3.889281e-05 7.083479e-05 1.390175e-05 2.297662e-05
         22 4.517151e-05 7.731433e-05 1.509974e-05 1.928259e-05
         23 3.776149e-05 6.464247e-05 1.479189e-05 1.341515e-05
         24 2.300591e-05 3.832650e-05 1.330878e-05 1.058877e-05
         25 1.141560e-05 1.476149e-05 1.189307e-05 1.220178e-05
         26 6.656556e-06 6.780736e-06 1.523264e-05 1.493086e-05
         27 6.012354e-06 9.037593e-06 2.388386e-05 1.650922e-05
         28 7.447072e-06 1.179671e-05 3.003119e-05 1.613221e-05
         29 9.587619e-06 1.520092e-05 3.436081e-05 1.357950e-05
         30 1.047953e-05 1.978385e-05 3.295496e-05 9.424620e-06
         31 1.036231e-05 2.123305e-05 2.552016e-05 6.875741e-06
         32 1.008886e-05 1.853016e-05 1.901588e-05 7.226593e-06
         33 9.018869e-06 1.488467e-05 1.572090e-05 8.303019e-06
         34 6.909021e-06 1.157694e-05 1.224515e-05 8.111104e-06
         35 4.676027e-06 8.113026e-06 8.019626e-06 7.178108e-06
         36 3.878594e-06 6.114818e-06 7.326342e-06 7.504986e-06
         37 5.202065e-06 7.080539e-06 8.734176e-06 7.996671e-06
         38 7.061602e-06 8.978600e-06 9.407595e-06 7.711094e-06
         39 7.717736e-06 9.504693e-06 9.094761e-06 6.900070e-06
         40 7.392277e-06 9.201226e-06 9.355761e-06 6.827282e-06
         41 6.958237e-06 9.127984e-06 1.032358e-05 7.337254e-06
         42 6.574237e-06 8.938167e-06 1.059296e-05 8.128456e-06
         43 5.756466e-06 7.841625e-06 1.050440e-05 8.401545e-06
         44 4.207753e-06 5.878517e-06 1.037606e-05 8.234389e-06
         45 2.501057e-06 3.975956e-06 1.042899e-05 8.114490e-06
         46 1.430967e-06 2.910856e-06 1.068494e-05 7.988006e-06
         47 9.952881e-07 2.440671e-06 1.073437e-05 7.458268e-06
         48 7.095343e-07 2.036838e-06 1.041235e-05 6.850353e-06
         49 5.010558e-07 1.620556e-06 9.696281e-06 6.523252e-06
         50 5.769185e-07 1.428183e-06 9.510845e-06 6.712335e-06
         51 7.694993e-07 1.643722e-06 9.151463e-06 6.224348e-06
         52 8.575449e-07 1.947479e-06 8.479925e-06 6.057493e-06
         53 1.037933e-06 2.102178e-06 7.389786e-06 5.804221e-06
         54 1.421921e-06 2.309646e-06 7.310293e-06 5.931902e-06
         55 1.755179e-06 2.410463e-06 6.904361e-06 5.712812e-06
         56 1.928162e-06 2.433989e-06 6.517540e-06 5.405604e-06
         57 1.988117e-06 2.392289e-06 5.633479e-06 4.984347e-06
         58 1.930612e-06 2.151783e-06 6.442053e-06 4.895510e-06
         59 1.828312e-06 1.878087e-06 6.102162e-06 4.597366e-06
         60 1.710886e-06 1.614459e-06 6.498460e-06 4.488448e-06
         61 1.619960e-06 1.354373e-06 5.593834e-06 4.158679e-06
         62 1.539230e-06 1.021062e-06 5.863895e-06 4.350530e-06
         63 1.381712e-06 6.378995e-07 5.545247e-06 4.376502e-06
         64 1.180956e-06 5.356816e-07 5.759292e-06 4.584403e-06
         65 8.527363e-07 5.590583e-07 5.453174e-06 4.514303e-06
         66 6.052047e-07 4.504539e-07 5.128432e-06 4.216082e-06
         67 5.110072e-07 3.904064e-07 5.328674e-06 4.528173e-06
         68 4.110398e-07 4.830225e-07 4.922485e-06 4.364072e-06
         69 5.256580e-07 4.795145e-07 5.996610e-06 4.721746e-06
         70 6.629209e-07 5.319248e-07 4.508909e-06 3.964819e-06
         71 6.192687e-07 6.476166e-07 5.265644e-06 4.201737e-06
         72 8.562462e-07 5.867726e-07 4.440021e-06 3.938027e-06
         73 1.004153e-06 7.825494e-07 5.432152e-06 4.197707e-06
         74 9.271021e-07 9.547822e-07 4.958810e-06 3.764093e-06
         75 1.058103e-06 8.957293e-07 4.404563e-06 3.702983e-06
         76 1.033867e-06 1.071797e-06 5.515406e-06 3.819663e-06
         77 1.027067e-06 1.034447e-06 4.700488e-06 3.201171e-06
         78 1.246358e-06 9.474635e-07 5.346386e-06 3.533816e-06
         79 1.283514e-06 1.074298e-06 4.970258e-06 3.218460e-06
         80 1.239192e-06 8.814123e-07 5.047420e-06 3.493514e-06
         81 1.502250e-06 9.369913e-07 5.120596e-06 3.280086e-06
         82 1.552048e-06 1.022287e-06 4.491782e-06 3.067343e-06
         83 1.348862e-06 7.582032e-07 4.925517e-06 3.324074e-06
         84 1.512632e-06 9.392941e-07 4.462912e-06 2.961686e-06
         85 1.347205e-06 8.767055e-07 4.439684e-06 2.984894e-06
         86 1.134643e-06 5.970088e-07 4.436991e-06 3.009587e-06
         87 1.488422e-06 8.902125e-07 4.286569e-06 3.166347e-06
         88 1.292274e-06 7.246404e-07 4.840800e-06 2.772415e-06
         89 1.116771e-06 4.461047e-07 4.073862e-06 2.599319e-06
         90 1.532326e-06 7.243373e-07 3.713308e-06 2.993786e-06
         91 1.260889e-06 5.611807e-07 4.672662e-06 2.918872e-06
         92 1.057483e-06 4.171650e-07 4.308267e-06 2.852086e-06
         93 1.470666e-06 7.488420e-07 3.567215e-06 2.741058e-06
         94 1.222540e-06 6.793159e-07 3.676416e-06 2.535087e-06
         95 8.957788e-07 4.526606e-07 3.909356e-06 2.787818e-06
         96 1.170840e-06 6.644182e-07 3.901770e-06 2.644977e-06
         97 1.141085e-06 8.575877e-07 3.300016e-06 2.044525e-06
         98 9.563262e-07 6.141372e-07 2.952097e-06 2.173732e-06
         99 1.085120e-06 6.535137e-07 3.295556e-06 2.333046e-06
        100 9.828234e-07 1.131257e-06 3.214248e-06 1.997802e-06
        101 8.178809e-07 8.750486e-07 2.888808e-06 1.860731e-06
        102 1.140830e-06 5.390726e-07 2.901090e-06 1.732556e-06
        103 1.171574e-06 1.206566e-06 2.827956e-06 1.613854e-06
        104 7.677820e-07 1.241803e-06 2.614994e-06 1.747592e-06
        105 1.007566e-06 4.899204e-07 2.666162e-06 1.841408e-06
        106 1.277780e-06 9.349437e-07 2.709676e-06 1.679666e-06
        107 9.260444e-07 1.556055e-06 2.435996e-06 1.455343e-06
        108 9.418491e-07 8.435853e-07 2.204265e-06 1.515488e-06
        109 1.244561e-06 5.752240e-07 2.268655e-06 1.655657e-06
        110 1.125623e-06 1.385412e-06 2.464774e-06 1.467539e-06
        111 9.784449e-07 1.358085e-06 2.203887e-06 1.131770e-06
        112 1.105404e-06 6.245188e-07 1.650028e-06 1.200994e-06
        113 1.163587e-06 8.462684e-07 1.708980e-06 1.460187e-06
        114 1.011515e-06 1.410440e-06 2.251505e-06 1.309146e-06
        115 8.967660e-07 1.003120e-06 2.025213e-06 9.734773e-07
        116 9.373915e-07 5.306596e-07 1.239597e-06 1.056305e-06
        117 9.783975e-07 9.243998e-07 1.388077e-06 1.298457e-06
        118 8.995266e-07 1.163058e-06 2.019392e-06 1.128438e-06
        119 7.739576e-07 6.789015e-07 1.818463e-06 8.108165e-07
        120 7.639728e-07 4.118605e-07 1.085691e-06 9.051906e-07
        121 8.509923e-07 7.280223e-07 1.183520e-06 1.144634e-06
        122 8.263014e-07 8.863516e-07 1.595410e-06 9.854803e-07
        123 6.572812e-07 5.775528e-07 1.444494e-06 6.811813e-07
        124 5.847676e-07 3.276964e-07 9.512240e-07 7.337333e-07
        125 6.985024e-07 4.503815e-07 1.069928e-06 9.580800e-07
        126 6.895954e-07 6.108806e-07 1.264416e-06 8.843779e-07
        127 4.621368e-07 4.787516e-07 1.069713e-06 5.999324e-07
        128 4.100699e-07 2.524190e-07 7.877093e-07 5.563708e-07
        129 5.701594e-07 2.675126e-07 1.034553e-06 7.464974e-07
        130 5.120312e-07 3.826822e-07 1.166138e-06 8.102857e-07
        131 2.765515e-07 3.232099e-07 8.155314e-07 6.103083e-07
        132 2.884662e-07 1.840806e-07 5.715760e-07 4.777004e-07
        133 4.592613e-07 1.798834e-07 8.726864e-07 5.597645e-07
        134 3.867018e-07 2.576891e-07 1.103370e-06 6.828886e-07
        135 2.028265e-07 2.375349e-07 7.044585e-07 6.176747e-07
        136 2.332787e-07 1.358738e-07 4.015844e-07 4.388238e-07
        137 3.691315e-07 1.276608e-07 6.070478e-07 3.806010e-07
        138 3.397268e-07 1.975936e-07 9.399096e-07 4.643837e-07
        139 1.888799e-07 2.259361e-07 6.798097e-07 5.368228e-07
        140 1.582789e-07 1.681338e-07 3.188466e-07 4.519497e-07
        141 2.656192e-07 8.924587e-08 3.721851e-07 3.198731e-07
        142 3.112356e-07 1.078618e-07 6.781577e-07 3.245596e-07
        143 2.240003e-07 1.869336e-07 7.009501e-07 4.240737e-07
        144 1.469254e-07 1.931497e-07 3.731284e-07 4.548967e-07
        145 1.520412e-07 1.101612e-07 2.414486e-07 3.448215e-07
        146 1.780824e-07 6.810218e-08 3.927402e-07 2.520885e-07
        147 1.772462e-07 1.335744e-07 5.386269e-07 2.747092e-07
        148 1.588262e-07 1.931528e-07 4.597393e-07 3.456339e-07
        149 1.379013e-07 1.641108e-07 2.657561e-07 3.457638e-07
        150 1.215361e-07 1.048285e-07 2.346732e-07 2.490566e-07
        151 1.324562e-07 1.058960e-07 3.110605e-07 1.858308e-07
        152 1.466468e-07 1.706720e-07 3.398623e-07 2.024163e-07
        153 1.425480e-07 2.022850e-07 2.942328e-07 2.471280e-07
        154 1.392407e-07 1.657908e-07 2.144961e-07 2.289904e-07
        155 1.261872e-07 1.260669e-07 2.031803e-07 1.579530e-07
        156 1.074965e-07 1.387676e-07 1.964886e-07 1.253899e-07
        157 1.088947e-07 1.784768e-07 1.834078e-07 1.467668e-07
        158 1.213351e-07 1.735614e-07 1.807256e-07 1.748317e-07
        159 1.238871e-07 1.353163e-07 1.766510e-07 1.457002e-07
        160 1.108177e-07 1.183316e-07 1.630408e-07 1.093881e-07
        161 9.563506e-08 1.314751e-07 1.278874e-07 1.110686e-07
        162 8.882066e-08 1.423795e-07 1.160180e-07 1.205459e-07
        163 8.932148e-08 1.075991e-07 1.439711e-07 1.234929e-07
        164 1.010695e-07 7.323690e-08 1.518889e-07 8.888716e-08
        165 1.007418e-07 9.641565e-08 1.070322e-07 6.470565e-08
        166 7.578527e-08 1.262604e-07 6.531070e-08 8.263130e-08
        167 5.896148e-08 1.159674e-07 6.152267e-08 8.362031e-08
        168 5.286833e-08 7.702069e-08 9.961392e-08 6.870441e-08
        169 6.432187e-08 5.459477e-08 1.166722e-07 5.566006e-08
        170 9.463632e-08 7.965462e-08 7.639802e-08 4.294206e-08
        171 8.887267e-08 1.114189e-07 4.182581e-08 5.070495e-08
        172 6.692979e-08 1.182747e-07 4.199477e-08 5.627582e-08
        173 6.368101e-08 1.027916e-07 6.886948e-08 3.929458e-08
        174 5.447638e-08 6.625680e-08 7.623151e-08 3.548876e-08
        175 6.723828e-08 5.690771e-08 5.676705e-08 3.281280e-08
        176 8.763887e-08 8.887384e-08 4.582041e-08 2.449435e-08
        177 7.831316e-08 9.519336e-08 3.844666e-08 2.835736e-08
        178 7.441509e-08 8.147215e-08 4.383871e-08 2.986064e-08
        179 6.923446e-08 7.846204e-08 4.837347e-08 2.227239e-08
        180 6.496936e-08 5.911689e-08 3.874501e-08 2.364620e-08
        181 7.762294e-08 4.901460e-08 3.391651e-08 1.852093e-08
        182 7.357860e-08 6.139135e-08 4.064693e-08 8.696301e-09
        183 7.771920e-08 5.089385e-08 3.386678e-08 2.013616e-08
        184 9.335336e-08 5.162750e-08 2.964488e-08 2.673184e-08
        185 8.284959e-08 6.967277e-08 2.857793e-08 1.614976e-08
        186 8.233747e-08 5.120401e-08 3.667404e-08 1.652524e-08
        187 8.640540e-08 3.651012e-08 4.160070e-08 1.882198e-08
        188 6.947975e-08 4.678137e-08 4.172211e-08 1.346829e-08
        189 8.265725e-08 4.209922e-08 3.114182e-08 1.948627e-08
        190 1.059251e-07 5.501241e-08 2.824772e-08 2.407038e-08
        191 9.109630e-08 8.016023e-08 3.280610e-08 1.463438e-08
        192 8.227477e-08 6.139317e-08 3.956942e-08 2.270050e-08
        193 8.290885e-08 3.665308e-08 4.345959e-08 2.884030e-08
        194 6.261631e-08 4.049378e-08 4.843034e-08 2.220551e-08
        195 6.776109e-08 3.664253e-08 4.303572e-08 2.203009e-08
        196 9.758686e-08 4.441269e-08 4.037344e-08 2.451461e-08
        197 9.520650e-08 7.647530e-08 4.687228e-08 1.872476e-08
        198 8.236390e-08 7.631744e-08 5.507789e-08 2.922336e-08
        199 7.861901e-08 4.584746e-08 5.580709e-08 4.672472e-08
        200 5.546526e-08 3.264966e-08 5.581956e-08 4.137509e-08
        201 4.604372e-08 3.080827e-08 5.520834e-08 3.187965e-08
        202 7.652023e-08 3.411713e-08 5.586128e-08 3.743290e-08
        203 9.414767e-08 5.525025e-08 6.373696e-08 4.142890e-08
        204 8.583201e-08 7.355764e-08 7.078360e-08 3.989843e-08
        205 7.977722e-08 6.688898e-08 7.481093e-08 5.209241e-08
        206 6.373975e-08 4.604553e-08 6.854048e-08 6.081422e-08
        207 4.001184e-08 2.892660e-08 6.519312e-08 5.251743e-08
        208 4.786721e-08 2.705114e-08 6.767775e-08 4.662385e-08
        209 7.196882e-08 3.977424e-08 7.992696e-08 5.192539e-08
        210 7.564631e-08 5.407245e-08 8.870953e-08 6.150925e-08
        211 7.076317e-08 6.262907e-08 8.933427e-08 6.327218e-08
        212 6.427235e-08 6.362320e-08 8.600546e-08 6.716726e-08
        213 4.481950e-08 4.744378e-08 8.021748e-08 6.993260e-08
        214 3.028925e-08 2.464703e-08 8.203021e-08 6.933649e-08
        215 3.938469e-08 2.353491e-08 9.099780e-08 6.321033e-08
        216 5.521163e-08 3.827139e-08 1.043670e-07 6.400320e-08
        217 5.917486e-08 4.829611e-08 1.090863e-07 7.911256e-08
        218 5.105434e-08 5.464279e-08 1.030765e-07 8.581171e-08
        219 3.713655e-08 5.726806e-08 9.752308e-08 8.138937e-08
        220 2.534201e-08 4.559449e-08 9.862665e-08 7.979476e-08
        221 2.285441e-08 2.791071e-08 1.090563e-07 9.020851e-08
        222 2.675290e-08 2.322694e-08 1.199601e-07 9.151239e-08
        223 3.030573e-08 2.745334e-08 1.271451e-07 8.531231e-08
        224 3.180087e-08 3.380892e-08 1.286396e-07 9.742297e-08
        225 3.163417e-08 4.476222e-08 1.226971e-07 1.069139e-07
        226 3.330866e-08 5.153716e-08 1.155065e-07 9.531824e-08
        227 3.079771e-08 4.436662e-08 1.122428e-07 8.547485e-08
        228 2.010875e-08 3.004317e-08 1.220400e-07 9.938832e-08
        229 1.528327e-08 2.327399e-08 1.398051e-07 1.172733e-07
        230 2.308338e-08 2.577865e-08 1.510528e-07 1.078945e-07
        231 2.989083e-08 2.976617e-08 1.527195e-07 1.056157e-07
        232 2.881887e-08 3.348019e-08 1.490706e-07 1.233768e-07
        233 3.096129e-08 3.714473e-08 1.461817e-07 1.197232e-07
        234 3.457058e-08 3.842271e-08 1.384109e-07 9.664568e-08
        235 2.507191e-08 3.336764e-08 1.334259e-07 9.651617e-08
        236 1.311052e-08 2.425771e-08 1.455398e-07 1.276225e-07
        237 1.943202e-08 2.152638e-08 1.659614e-07 1.319722e-07
        238 3.099399e-08 2.518832e-08 1.737388e-07 1.060084e-07
        239 2.944974e-08 2.730420e-08 1.667677e-07 1.127665e-07
        240 2.447834e-08 2.712258e-08 1.614635e-07 1.416295e-07
        241 2.859046e-08 2.731532e-08 1.597983e-07 1.298090e-07
        242 3.367868e-08 2.814847e-08 1.512679e-07 9.683099e-08
        243 2.459774e-08 2.505661e-08 1.475107e-07 1.070499e-07
        244 1.304154e-08 1.867218e-08 1.637029e-07 1.466952e-07
        245 2.221162e-08 1.819515e-08 1.829036e-07 1.373032e-07
        246 3.302845e-08 2.366479e-08 1.811683e-07 1.001923e-07
        247 2.572163e-08 2.537441e-08 1.687185e-07 1.121696e-07
        248 1.738401e-08 1.956184e-08 1.694890e-07 1.501336e-07
        249 2.066615e-08 1.316543e-08 1.728122e-07 1.379284e-07
        250 2.983806e-08 1.463356e-08 1.605884e-07 1.015822e-07
        251 2.698976e-08 1.803403e-08 1.512043e-07 1.109888e-07
        252 1.396119e-08 1.496741e-08 1.664738e-07 1.495701e-07
        253 1.957813e-08 1.314833e-08 1.871159e-07 1.412135e-07
        254 3.348974e-08 1.940562e-08 1.835159e-07 1.044311e-07
        255 2.988424e-08 2.426021e-08 1.682699e-07 1.112053e-07
        256 1.807303e-08 1.914690e-08 1.698789e-07 1.452599e-07
        257 1.302039e-08 1.067582e-08 1.763547e-07 1.396894e-07
        258 2.061921e-08 9.705722e-09 1.630460e-07 1.062374e-07
        259 2.615179e-08 1.334807e-08 1.457516e-07 1.045943e-07
        260 1.726196e-08 1.308337e-08 1.514151e-07 1.347939e-07
        261 1.831410e-08 1.111001e-08 1.721409e-07 1.392467e-07
        262 3.133667e-08 1.394280e-08 1.775415e-07 1.112563e-07
        263 3.194117e-08 1.936816e-08 1.656024e-07 1.037063e-07
        264 2.208153e-08 1.783381e-08 1.619477e-07 1.258043e-07
        265 1.199005e-08 9.460339e-09 1.695926e-07 1.362033e-07
        266 1.176588e-08 7.007592e-09 1.644724e-07 1.178553e-07
        267 2.100296e-08 1.130883e-08 1.447564e-07 1.026496e-07
        268 2.022363e-08 1.259796e-08 1.341824e-07 1.126751e-07
        269 1.495439e-08 1.097705e-08 1.430023e-07 1.244364e-07
        270 2.091133e-08 1.117875e-08 1.543148e-07 1.119248e-07
        271 2.656699e-08 1.365600e-08 1.506364e-07 9.630748e-08
        272 2.368707e-08 1.528215e-08 1.413790e-07 1.026016e-07
        273 1.633908e-08 1.225160e-08 1.440947e-07 1.183364e-07
        274 8.056602e-09 6.883077e-09 1.503271e-07 1.192847e-07
        275 8.461059e-09 5.876310e-09 1.433091e-07 1.065895e-07
        276 1.534833e-08 9.979006e-09 1.287625e-07 1.023735e-07
        277 1.520549e-08 1.297770e-08 1.246966e-07 1.108705e-07
        278 1.283726e-08 1.147597e-08 1.315519e-07 1.110192e-07
        279 1.542164e-08 8.902862e-09 1.327777e-07 9.834957e-08
        280 1.652732e-08 8.978767e-09 1.225804e-07 9.222472e-08
        281 1.569206e-08 1.178465e-08 1.150314e-07 9.787350e-08
        282 1.347151e-08 1.357992e-08 1.189475e-07 1.016776e-07
        283 8.682234e-09 9.530503e-09 1.231605e-07 9.795548e-08
        284 9.010026e-09 4.865756e-09 1.180142e-07 9.305881e-08
        285 1.250381e-08 8.328612e-09 1.097427e-07 9.272898e-08
        286 1.137508e-08 1.361789e-08 1.092402e-07 9.570208e-08
        287 1.089676e-08 1.239126e-08 1.141031e-07 9.505079e-08
        288 1.235280e-08 8.733759e-09 1.135591e-07 9.110695e-08
        289 1.203231e-08 6.464002e-09 1.044690e-07 8.999204e-08
        290 1.364405e-08 9.127028e-09 9.789384e-08 8.862425e-08
        291 1.487410e-08 1.608277e-08 9.965397e-08 8.290793e-08
        292 1.094843e-08 1.507744e-08 1.029495e-07 7.888325e-08
        293 9.074456e-09 7.326894e-09 9.950500e-08 8.149330e-08
        294 1.049935e-08 6.980800e-09 9.281764e-08 8.347909e-08
        295 8.074555e-09 1.220600e-08 9.107571e-08 8.092757e-08
        296 7.625536e-09 1.277747e-08 9.419576e-08 7.676703e-08
        297 1.086992e-08 9.747581e-09 9.484217e-08 7.632615e-08
        298 8.520856e-09 6.600462e-09 8.909812e-08 7.961437e-08
        299 7.735264e-09 5.178620e-09 8.335682e-08 7.872508e-08
        300 1.336632e-08 1.026042e-08 8.177110e-08 6.865085e-08
        301 1.289775e-08 1.668875e-08 8.228162e-08 6.168206e-08
        302 8.474029e-09 1.234361e-08 8.147834e-08 6.507165e-08
        303 8.972261e-09 5.857902e-09 7.831324e-08 7.069442e-08
        304 9.192611e-09 7.261788e-09 7.498542e-08 6.815542e-08
        305 6.941400e-09 1.004794e-08 7.483278e-08 6.278974e-08
        306 7.330696e-09 9.309568e-09 7.651057e-08 6.181134e-08
        307 8.821111e-09 7.628914e-09 7.585056e-08 6.416194e-08
        308 6.321286e-09 5.192982e-09 7.099033e-08 6.554938e-08
        309 6.568546e-09 3.831380e-09 6.603705e-08 6.023910e-08
        310 1.239347e-08 8.968225e-09 6.320418e-08 5.123905e-08
        311 1.141775e-08 1.486549e-08 6.212164e-08 4.762773e-08
        312 7.550341e-09 1.130125e-08 6.076542e-08 5.066081e-08
        313 9.335128e-09 6.193178e-09 5.883036e-08 5.284362e-08
        314 9.149601e-09 7.033394e-09 5.774323e-08 5.002175e-08
        315 7.294282e-09 8.746032e-09 5.903390e-08 4.760843e-08
        316 6.925563e-09 8.162155e-09 6.139079e-08 4.821354e-08
        317 6.505648e-09 6.535715e-09 6.196410e-08 4.895085e-08
        318 5.775348e-09 3.956058e-09 5.859104e-08 4.726228e-08
        319 5.759962e-09 2.673834e-09 5.301539e-08 4.370076e-08
        320 1.061744e-08 6.928277e-09 4.775495e-08 3.905081e-08
        321 1.177483e-08 1.332802e-08 4.495867e-08 3.556322e-08
        322 7.116025e-09 1.203021e-08 4.281713e-08 3.386023e-08
        323 9.531287e-09 7.715023e-09 3.987413e-08 3.322932e-08
        324 1.084421e-08 8.024281e-09 3.834623e-08 3.333831e-08
        325 7.480165e-09 8.972536e-09 4.061954e-08 3.364258e-08
        326 7.538156e-09 7.808172e-09 4.445370e-08 3.305887e-08
        327 6.410179e-09 6.360325e-09 4.592230e-08 3.290042e-08
        328 6.355257e-09 4.605987e-09 4.434008e-08 3.258523e-08
        329 6.368618e-09 1.986282e-09 4.227617e-08 3.138120e-08
        330 7.314961e-09 4.133606e-09 3.885172e-08 2.874489e-08
        331 1.355156e-08 1.211136e-08 3.418702e-08 2.551793e-08
        332 1.018607e-08 1.380488e-08 3.020207e-08 2.377543e-08
        333 5.158101e-09 8.693140e-09 2.748330e-08 2.302150e-08
        334 1.061935e-08 7.657746e-09 2.465602e-08 2.163346e-08
        335 9.405213e-09 8.832700e-09 2.387433e-08 2.084375e-08
        336 6.768123e-09 7.499859e-09 2.611453e-08 1.924826e-08
        337 8.433132e-09 6.475291e-09 2.842399e-08 1.883499e-08
        338 6.242270e-09 6.707870e-09 2.814596e-08 2.053260e-08
        339 6.898006e-09 5.610197e-09 2.787795e-08 2.077136e-08
        340 6.461867e-09 3.651803e-09 2.853600e-08 1.855006e-08
        341 6.545022e-09 6.953511e-09 2.676103e-08 1.652145e-08
        342 1.217667e-08 1.288839e-08 2.288974e-08 1.576366e-08
        343 7.971185e-09 1.112411e-08 1.966523e-08 1.600946e-08
        344 3.950142e-09 6.315998e-09 1.769551e-08 1.473843e-08
        345 9.648705e-09 6.914481e-09 1.450369e-08 1.234198e-08
        346 7.818956e-09 8.536033e-09 1.255714e-08 1.235720e-08
        347 5.733908e-09 8.066669e-09 1.379888e-08 1.186621e-08
        348 8.347365e-09 7.728899e-09 1.526763e-08 1.084880e-08
        349 6.167491e-09 8.041903e-09 1.506405e-08 1.087851e-08
        350 6.523271e-09 7.387604e-09 1.512152e-08 1.083369e-08
        351 6.047308e-09 5.137507e-09 1.679931e-08 9.991262e-09
        352 3.216254e-09 6.299274e-09 1.603132e-08 1.029645e-08
        353 8.377345e-09 1.127051e-08 1.343827e-08 9.679567e-09
        354 8.728098e-09 1.156745e-08 1.124373e-08 9.648129e-09
        355 3.461414e-09 7.541826e-09 1.057858e-08 8.923076e-09
        356 7.720497e-09 6.384517e-09 9.206103e-09 8.284711e-09
        357 8.826626e-09 7.638302e-09 6.952453e-09 8.368648e-09
        358 3.843381e-09 8.273478e-09 6.980585e-09 7.946598e-09
        359 6.097595e-09 7.960200e-09 6.931775e-09 5.137769e-09
        360 6.871292e-09 7.406217e-09 6.910003e-09 5.216058e-09
        361 4.634714e-09 7.985234e-09 6.894595e-09 5.856373e-09
        362 5.971602e-09 6.954881e-09 8.872618e-09 5.428274e-09
        363 3.877793e-09 5.137849e-09 8.872606e-09 4.396377e-09
        364 3.649765e-09 8.312227e-09 7.013349e-09 4.731583e-09
        365 8.848664e-09 1.224965e-08 5.415903e-09 5.427289e-09
        366 6.876399e-09 9.912610e-09 5.804013e-09 6.315695e-09
        367 3.673916e-09 6.123715e-09 5.977715e-09 5.203816e-09
        368 7.063709e-09 6.074365e-09 4.400858e-09 4.588278e-09
        369 5.716879e-09 7.125508e-09 2.967368e-09 5.295739e-09
        370 2.306400e-09 7.193042e-09 3.690292e-09 4.968443e-09
        371 4.638743e-09 6.542993e-09 3.785129e-09 3.062343e-09
        372 4.553773e-09 6.224192e-09 3.606870e-09 2.895606e-09
        373 2.818867e-09 7.137624e-09 3.255998e-09 3.014897e-09
        374 4.200650e-09 6.416343e-09 4.339950e-09 3.354346e-09
        375 3.530700e-09 4.980276e-09 4.284038e-09 2.974262e-09
        376 3.713085e-09 7.535227e-09 3.449488e-09 2.656266e-09
        377 7.316735e-09 1.063153e-08 2.481196e-09 2.779226e-09
        378 6.160614e-09 8.582309e-09 2.983156e-09 4.057150e-09
        379 2.825240e-09 4.752751e-09 3.467967e-09 3.676844e-09
        380 4.032221e-09 3.690632e-09 2.918872e-09 3.178121e-09
        381 3.469350e-09 4.325962e-09 1.962330e-09 2.635048e-09
        382 1.041954e-09 5.071096e-09 2.551055e-09 2.814371e-09
        383 3.204844e-09 5.638872e-09 2.625370e-09 2.267943e-09
        384 4.296908e-09 5.754263e-09 2.687583e-09 2.731120e-09
        385 2.602943e-09 6.164516e-09 2.449011e-09 2.421261e-09
        386 3.337687e-09 5.846920e-09 2.818693e-09 2.598776e-09
        387 3.756023e-09 4.686666e-09 2.793326e-09 2.568240e-09
        388 3.028420e-09 5.351077e-09 2.240827e-09 2.607843e-09
        389 4.427125e-09 7.103353e-09 1.939172e-09 1.942403e-09
