0.20  VELA01      5.157200     5.068100     4.361500
0.23  VELA01      5.129700     5.046300     4.431700
0.24  VELA01      5.129600     5.055300     4.466100
0.25  VELA01      5.126800     5.053500     4.496600
0.26  VELA01      5.122400     5.049900     4.526300
0.27  VELA01      5.116300     5.037900     4.551700
0.28  VELA01      5.107000     5.029300     4.579100
0.29  VELA01      5.098700     5.024000     4.610000
0.30  VELA01      5.091500     5.017900     4.643300
0.31  VELA01      5.083600     5.008000     4.676100
0.32  VELA01      5.075800     4.999200     4.708100
0.33  VELA01      5.073800     4.998000     4.743400
0.34  VELA01      5.072900     5.002200     4.773600
0.35  VELA01      5.068700     5.012500     4.798700
0.36  VELA01      5.064200     5.028600     4.822500
0.37  VELA01      5.060200     5.050900     4.841600
0.38  VELA01      5.068600     5.064800     4.858100
0.39  VELA01      5.055900     5.063500     4.871700
0.40  VELA01      5.036500     5.039900     4.874400
0.41  VELA01      5.035400     5.034000     4.886600
0.42  VELA01      5.030800     5.026900     4.897500
0.43  VELA01      5.028000     5.022600     4.908500
0.44  VELA01      5.022000     5.015300     4.916300
0.45  VELA01      5.016200     5.008900     4.927300
0.46  VELA01      5.014800     5.002900     4.940500
0.47  VELA01      5.008900     4.996500     4.950200
0.48  VELA01      5.002300     4.991600     4.960100
0.49  VELA01      4.999200     4.986400     4.972000
0.50  VELA01      4.997800     4.980700     4.983400
0.25  VELA02      5.136900     5.229200     4.745200
0.26  VELA02      5.137900     5.212200     4.757400
0.27  VELA02      5.140800     5.193400     4.770800
0.28  VELA02      5.138200     5.171000     4.785700
0.29  VELA02      5.136100     5.144700     4.804400
0.30  VELA02      5.137600     5.129300     4.823300
0.31  VELA02      5.134600     5.126700     4.831200
0.32  VELA02      5.125300     5.126200     4.830000
0.33  VELA02      5.116900     5.118000     4.833000
0.34  VELA02      5.111000     5.108700     4.847300
0.35  VELA02      5.102700     5.100500     4.860500
0.36  VELA02      5.094200     5.092000     4.874600
0.37  VELA02      5.092200     5.079600     4.891100
0.38  VELA02      5.088600     5.065600     4.906500
0.41  VELA02      5.070700     5.048700     4.952500
0.42  VELA02      5.055000     5.043700     4.961900
0.43  VELA02      5.041600     5.035000     4.963600
0.44  VELA02      5.029100     5.025100     4.962300
0.45  VELA02      5.019700     5.014600     4.964100
0.46  VELA02      5.015800     5.007100     4.970200
0.47  VELA02      5.012700     5.001600     4.979400
0.48  VELA02      5.008300     4.995200     4.986500
0.49  VELA02      5.004100     4.989000     4.995300
0.50  VELA02      5.000000     4.983600     5.005100
0.20  VELA03      5.002200     5.054500     5.246900
0.21  VELA03      5.008300     5.049000     5.236900
0.22  VELA03      5.014500     5.039600     5.237500
0.23  VELA03      5.030200     5.034500     5.242600
0.24  VELA03      5.056300     5.031700     5.242600
0.25  VELA03      5.062400     5.028800     5.229300
0.26  VELA03      5.054900     5.026500     5.216200
0.27  VELA03      5.045300     5.029200     5.211400
0.28  VELA03      5.039200     5.026900     5.200500
0.29  VELA03      5.036000     5.025700     5.190200
0.30  VELA03      5.030100     5.022900     5.179100
0.31  VELA03      5.025800     5.020100     5.169200
0.32  VELA03      5.024700     5.019700     5.160900
0.33  VELA03      5.024400     5.025700     5.151300
0.34  VELA03      5.015400     5.035500     5.133100
0.35  VELA03      5.005600     5.036400     5.115400
0.36  VELA03      4.999200     5.037700     5.103800
0.37  VELA03      4.996600     5.035700     5.094300
0.38  VELA03      4.996500     5.035500     5.086900
0.39  VELA03      4.994300     5.039200     5.078900
0.40  VELA03      4.991600     5.038100     5.070700
0.41  VELA03      4.989900     5.036200     5.061400
0.42  VELA03      4.990000     5.034100     5.053400
0.43  VELA03      4.992800     5.030500     5.046300
0.44  VELA03      4.998400     5.025500     5.040100
0.45  VELA03      5.005500     5.020500     5.038200
0.46  VELA03      5.010900     5.014600     5.038700
0.47  VELA03      5.008900     5.003700     5.032800
0.48  VELA03      5.001900     4.995100     5.026000
0.49  VELA03      4.996600     4.989900     5.018000
0.50  VELA03      4.994000     4.986400     5.008600
0.28  VELA04      4.726800     4.962800     4.915600
0.29  VELA04      4.730800     4.969700     4.924600
0.30  VELA04      4.752100     4.969100     4.919200
0.31  VELA04      4.769600     4.970200     4.918000
0.32  VELA04      4.790100     4.968900     4.919100
0.33  VELA04      4.808500     4.965700     4.920900
0.34  VELA04      4.829300     4.960000     4.923300
0.35  VELA04      4.846600     4.963400     4.929900
0.36  VELA04      4.860300     4.965200     4.938100
0.37  VELA04      4.874900     4.964400     4.942200
0.38  VELA04      4.891500     4.964800     4.946400
0.39  VELA04      4.907500     4.963500     4.949000
0.40  VELA04      4.918400     4.962000     4.952200
0.41  VELA04      4.929400     4.962600     4.957300
0.42  VELA04      4.941000     4.966800     4.963900
0.43  VELA04      4.954800     4.969000     4.967600
0.44  VELA04      4.968300     4.969400     4.968700
0.45  VELA04      4.980400     4.970800     4.969300
0.46  VELA04      4.990600     4.971300     4.970300
0.47  VELA04      4.999700     4.971300     4.971300
0.48  VELA04      5.009400     4.971200     4.972900
0.49  VELA04      5.018600     4.969800     4.973900
0.50  VELA04      5.027800     4.969200     4.975500
0.25  VELA05      5.081600     4.807500     4.865800
0.30  VELA05      5.066300     4.840500     4.916000
0.31  VELA05      5.059500     4.841000     4.923000
0.32  VELA05      5.052900     4.849700     4.928800
0.33  VELA05      5.045000     4.857900     4.933900
0.34  VELA05      5.040200     4.868000     4.938800
0.35  VELA05      5.033700     4.874300     4.942500
0.36  VELA05      5.028600     4.884000     4.946100
0.37  VELA05      5.023500     4.895100     4.948700
0.38  VELA05      5.018200     4.906700     4.950200
0.39  VELA05      5.012800     4.920500     4.949100
0.40  VELA05      5.008600     4.938700     4.945900
0.41  VELA05      4.992800     4.953900     4.940400
0.42  VELA05      4.982900     4.961600     4.943700
0.43  VELA05      4.978600     4.964800     4.950600
0.44  VELA05      4.975400     4.964300     4.959200
0.45  VELA05      4.973900     4.959100     4.969700
0.46  VELA05      4.969600     4.964800     4.976900
0.47  VELA05      4.963400     4.973500     4.982800
0.48  VELA05      4.959400     4.975900     4.989700
0.49  VELA05      4.954300     4.980300     4.994200
0.50  VELA05      4.948500     4.986700     4.998800
0.14  VELA06     21.034700    19.343200    18.637800
0.20  VELA06     20.847600    19.439900    18.852800
0.21  VELA06     20.812900    19.456300    18.886100
0.22  VELA06     20.781700    19.481700    18.908200
0.23  VELA06     20.752000    19.506600    18.932300
0.24  VELA06     20.717700    19.530700    18.958800
0.25  VELA06     20.683500    19.553700    18.985200
0.26  VELA06     20.648800    19.577400    19.009400
0.27  VELA06     20.615000    19.602000    19.028000
0.28  VELA06     20.585600    19.628000    19.040800
0.29  VELA06     20.561400    19.651300    19.048400
0.30  VELA06     20.548900    19.668500    19.057300
0.31  VELA06     20.521900    19.667200    19.087000
0.32  VELA06     20.468400    19.672800    19.131400
0.33  VELA06     20.408700    19.706200    19.184400
0.34  VELA06     20.381700    19.723000    19.228900
0.35  VELA06     20.363700    19.742200    19.269900
0.36  VELA06     20.353700    19.760700    19.297300
0.37  VELA06     20.338400    19.773000    19.318400
0.38  VELA06     20.315900    19.788200    19.343000
0.39  VELA06     20.289400    19.804600    19.371600
0.40  VELA06     20.269900    19.817500    19.399100
0.41  VELA06     20.240900    19.829200    19.427400
0.42  VELA06     20.216400    19.848200    19.463500
0.43  VELA06     20.202800    19.866500    19.498000
0.44  VELA06     20.188700    19.883500    19.531500
0.45  VELA06     20.174100    19.895300    19.565800
0.46  VELA06     20.155500    19.901000    19.600000
0.47  VELA06     20.131400    19.903800    19.636000
0.48  VELA06     20.115700    19.898100    19.669100
0.49  VELA06     20.105300    19.893200    19.696400
0.50  VELA06     20.101900    19.896400    19.705500
0.51  VELA06     20.080100    19.923300    19.706100
0.14  VELA07     20.562100    17.856900    21.709700
0.15  VELA07     20.515900    17.916400    21.659100
0.20  VELA07     20.117000    18.269400    21.474600
0.21  VELA07     20.052800    18.329100    21.424800
0.22  VELA07     19.978500    18.402700    21.370700
0.23  VELA07     19.934300    18.470700    21.308100
0.24  VELA07     19.919400    18.511700    21.268400
0.25  VELA07     19.901400    18.578000    21.243100
0.26  VELA07     19.891600    18.624800    21.211100
0.27  VELA07     19.889100    18.661900    21.181700
0.28  VELA07     19.889700    18.707500    21.151100
0.29  VELA07     19.888500    18.760500    21.114100
0.30  VELA07     19.886700    18.819100    21.074500
0.31  VELA07     19.882400    18.871100    21.034400
0.32  VELA07     19.879700    18.921000    20.998100
0.33  VELA07     19.881700    18.968900    20.958800
0.34  VELA07     19.885000    19.012100    20.921800
0.35  VELA07     19.893700    19.056600    20.886600
0.36  VELA07     19.905400    19.098000    20.851100
0.37  VELA07     19.916700    19.138700    20.821300
0.38  VELA07     19.929000    19.174200    20.790700
0.39  VELA07     19.937200    19.213400    20.755200
0.40  VELA07     19.944300    19.251400    20.719500
0.41  VELA07     19.944700    19.291100    20.684000
0.42  VELA07     19.945400    19.330000    20.650500
0.43  VELA07     19.948100    19.364200    20.618500
0.44  VELA07     19.949100    19.400900    20.585900
0.45  VELA07     19.951400    19.435500    20.552100
0.46  VELA07     19.955000    19.470600    20.519400
0.47  VELA07     19.961500    19.504300    20.483800
0.48  VELA07     19.966800    19.535300    20.450400
0.49  VELA07     19.968800    19.563800    20.416300
0.50  VELA07     19.974700    19.590400    20.383700
0.51  VELA07     19.979600    19.617800    20.352000
0.52  VELA07     19.983100    19.644200    20.322400
0.53  VELA07     19.986600    19.670700    20.293300
0.54  VELA07     19.992300    19.698000    20.264800
0.55  VELA07     19.998000    19.724700    20.237000
0.56  VELA07     20.003700    19.752200    20.210300
0.14  VELA08     22.189400    20.623300    19.827600
0.15  VELA08     22.152000    20.607000    19.840800
0.20  VELA08     21.940900    20.528300    19.906800
0.21  VELA08     21.900000    20.515000    19.912800
0.22  VELA08     21.854300    20.502200    19.911500
0.23  VELA08     21.807700    20.490500    19.913600
0.24  VELA08     21.760200    20.473900    19.918500
0.25  VELA08     21.709200    20.462500    19.930700
0.26  VELA08     21.665200    20.446000    19.940900
0.27  VELA08     21.621800    20.425300    19.956000
0.28  VELA08     21.575400    20.405500    19.965300
0.29  VELA08     21.528600    20.379800    19.970000
0.30  VELA08     21.486900    20.347100    19.978300
0.31  VELA08     21.444400    20.315400    19.983900
0.32  VELA08     21.402500    20.273500    19.987500
0.33  VELA08     21.354400    20.216100    19.977500
0.34  VELA08     21.289000    20.167600    19.965900
0.35  VELA08     21.223200    20.150400    19.968100
0.36  VELA08     21.173300    20.156000    19.985200
0.37  VELA08     21.138100    20.153300    19.992900
0.38  VELA08     21.083300    20.134200    19.981500
0.39  VELA08     21.026500    20.120800    19.972100
0.40  VELA08     20.979700    20.111400    19.967600
0.41  VELA08     20.926700    20.106800    19.958800
0.42  VELA08     20.865800    20.099500    19.954800
0.43  VELA08     20.813600    20.099100    19.957300
0.44  VELA08     20.755400    20.104000    19.954600
0.45  VELA08     20.698400    20.108000    19.962100
0.46  VELA08     20.639900    20.114000    19.964900
0.47  VELA08     20.581000    20.119400    19.975900
0.48  VELA08     20.527400    20.125400    19.992200
0.49  VELA08     20.475900    20.131200    20.007200
0.50  VELA08     20.422800    20.141800    20.017400
0.51  VELA08     20.373600    20.144000    20.007600
0.52  VELA08     20.320300    20.130600    20.003700
0.53  VELA08     20.265900    20.113400    20.007500
0.54  VELA08     20.216300    20.091900    20.014500
0.55  VELA08     20.171700    20.074300    20.026600
0.56  VELA08     20.123000    20.065500    20.024000
0.14  VELA09     19.793400    18.845600    24.209200
0.20  VELA09     19.803100    19.056900    23.576800
0.21  VELA09     19.809000    19.100200    23.460800
0.22  VELA09     19.824200    19.146700    23.355000
0.23  VELA09     19.830600    19.180300    23.248800
0.24  VELA09     19.838200    19.212200    23.136100
0.25  VELA09     19.847000    19.248100    23.022400
0.26  VELA09     19.857600    19.283400    22.911100
0.27  VELA09     19.863400    19.321000    22.808500
0.28  VELA09     19.871300    19.358500    22.699000
0.29  VELA09     19.881800    19.394300    22.596800
0.30  VELA09     19.890100    19.431900    22.494200
0.31  VELA09     19.896800    19.472000    22.388900
0.32  VELA09     19.905500    19.511200    22.280200
0.33  VELA09     19.912700    19.548900    22.176100
0.34  VELA09     19.919700    19.585800    22.073300
0.35  VELA09     19.925300    19.619800    21.973300
0.36  VELA09     19.928500    19.650100    21.880700
0.37  VELA09     19.931000    19.669600    21.785700
0.38  VELA09     19.930700    19.676600    21.682100
0.39  VELA09     19.932300    19.685300    21.560300
0.40  VELA09     19.937200    19.694200    21.431200
0.41  VELA09     19.961600    19.712000    21.278100
0.42  VELA09     19.983200    19.732200    21.176200
0.43  VELA09     19.972800    19.740100    21.114900
0.44  VELA09     19.969300    19.754200    21.045800
0.45  VELA09     19.967300    19.767500    20.975900
0.46  VELA09     19.965100    19.781700    20.902100
0.47  VELA09     19.963700    19.797100    20.828500
0.48  VELA09     19.963700    19.817800    20.752000
0.49  VELA09     19.967400    19.839700    20.671700
0.50  VELA09     19.974700    19.854500    20.595300
0.51  VELA09     19.977900    19.867400    20.522000
0.52  VELA09     19.978300    19.882200    20.449700
0.53  VELA09     19.979900    19.898100    20.377500
0.54  VELA09     19.980700    19.913700    20.307500
0.55  VELA09     19.978600    19.928100    20.235800
0.56  VELA09     19.975100    19.941500    20.160200
0.20  VELA10     18.768600    21.138000    22.093700
0.21  VELA10     18.796200    21.093300    22.034200
0.22  VELA10     18.822400    21.049400    21.989100
0.23  VELA10     18.842400    21.006900    21.949300
0.24  VELA10     18.873300    20.970200    21.900800
0.25  VELA10     18.917900    20.931900    21.853900
0.26  VELA10     18.961300    20.889200    21.797500
0.27  VELA10     19.008000    20.847800    21.725600
0.28  VELA10     19.052100    20.809100    21.648600
0.29  VELA10     19.092100    20.770100    21.575400
0.30  VELA10     19.137800    20.729000    21.508600
0.31  VELA10     19.182200    20.691400    21.440300
0.32  VELA10     19.224500    20.652900    21.373700
0.33  VELA10     19.267800    20.615600    21.308400
0.34  VELA10     19.311100    20.580900    21.242400
0.35  VELA10     19.357700    20.546900    21.173800
0.36  VELA10     19.407500    20.513800    21.102400
0.37  VELA10     19.457000    20.483800    21.029700
0.38  VELA10     19.515500    20.450000    20.955100
0.39  VELA10     19.558600    20.413100    20.889700
0.40  VELA10     19.593500    20.373200    20.827700
0.41  VELA10     19.627200    20.332300    20.769900
0.42  VELA10     19.659400    20.291000    20.713400
0.43  VELA10     19.694500    20.261000    20.659700
0.44  VELA10     19.731700    20.237600    20.605000
0.45  VELA10     19.767600    20.220200    20.550300
0.46  VELA10     19.801100    20.203500    20.496700
0.47  VELA10     19.829900    20.188700    20.445100
0.48  VELA10     19.853800    20.174900    20.395600
0.49  VELA10     19.875000    20.158500    20.348700
0.50  VELA10     19.892500    20.143700    20.303700
0.51  VELA10     19.908600    20.128300    20.261100
0.52  VELA10     19.922100    20.112300    20.220400
0.53  VELA10     19.930900    20.095000    20.180800
0.54  VELA10     19.936400    20.075500    20.145900
0.55  VELA10     19.939000    20.055300    20.117400
0.56  VELA10     19.939000    20.026700    20.101400
0.14  VELA11     18.830500    19.533300    19.853600
0.15  VELA11     18.841000    19.554800    19.848500
0.20  VELA11     18.892000    19.661800    19.802100
0.21  VELA11     18.901600    19.662500    19.828800
0.22  VELA11     18.928700    19.673200    19.828200
0.23  VELA11     18.965600    19.700500    19.811700
0.24  VELA11     18.989200    19.700300    19.825300
0.25  VELA11     19.023100    19.713000    19.828300
0.26  VELA11     19.055300    19.726700    19.831300
0.27  VELA11     19.086100    19.738700    19.836700
0.28  VELA11     19.113300    19.746600    19.846300
0.29  VELA11     19.140600    19.753900    19.857700
0.30  VELA11     19.164000    19.764000    19.867800
0.31  VELA11     19.182500    19.770700    19.879500
0.32  VELA11     19.200400    19.776600    19.891100
0.33  VELA11     19.213800    19.780600    19.902700
0.34  VELA11     19.231900    19.777400    19.903300
0.35  VELA11     19.262900    19.788300    19.907400
0.36  VELA11     19.298700    19.803700    19.909600
0.37  VELA11     19.322100    19.807100    19.915300
0.38  VELA11     19.351700    19.814300    19.921400
0.39  VELA11     19.380500    19.820800    19.927800
0.40  VELA11     19.408200    19.828400    19.930400
0.41  VELA11     19.440000    19.837000    19.932600
0.42  VELA11     19.472100    19.845700    19.934600
0.43  VELA11     19.506300    19.855200    19.936200
0.44  VELA11     19.540500    19.863500    19.938500
0.45  VELA11     19.574700    19.870700    19.940700
0.46  VELA11     19.609000    19.877700    19.942200
0.47  VELA11     19.642200    19.884900    19.944100
0.48  VELA11     19.677300    19.894800    19.947500
0.49  VELA11     19.711900    19.905600    19.952000
0.50  VELA11     19.748200    19.916300    19.955700
0.51  VELA11     19.783800    19.926500    19.958900
0.52  VELA11     19.819000    19.936200    19.961700
0.53  VELA11     19.856700    19.946800    19.964500
0.54  VELA11     19.893900    19.958500    19.969000
0.55  VELA11     19.934100    19.972300    19.977500
0.56  VELA11     19.969200    19.988800    19.995200
0.20  VELA12     20.217600    19.790400    22.705700
0.21  VELA12     20.226400    19.784000    22.626800
0.22  VELA12     20.222900    19.803600    22.555000
0.23  VELA12     20.222900    19.817800    22.473000
0.24  VELA12     20.225600    19.827700    22.393200
0.25  VELA12     20.226100    19.838900    22.313400
0.26  VELA12     20.223400    19.852000    22.235000
0.27  VELA12     20.220100    19.866100    22.157700
0.28  VELA12     20.216000    19.880000    22.079500
0.29  VELA12     20.213300    19.894000    21.999700
0.30  VELA12     20.209800    19.905300    21.920600
0.31  VELA12     20.204200    19.916500    21.838700
0.32  VELA12     20.198600    19.928500    21.760800
0.33  VELA12     20.194900    19.939000    21.684100
0.34  VELA12     20.190500    19.949800    21.608700
0.35  VELA12     20.185700    19.958900    21.536100
0.36  VELA12     20.178100    19.967900    21.463100
0.37  VELA12     20.168200    19.975500    21.390300
0.38  VELA12     20.156700    19.981400    21.318200
0.39  VELA12     20.144600    19.987100    21.246700
0.40  VELA12     20.129700    19.992300    21.171400
0.41  VELA12     20.116100    19.996300    21.097900
0.42  VELA12     20.105200    19.995900    21.029400
0.43  VELA12     20.095200    19.991200    20.959400
0.44  VELA12     20.087700    19.986100    20.892600
0.45  VELA12     20.081300    19.982300    20.828000
0.46  VELA12     20.077200    19.980800    20.766300
0.47  VELA12     20.071900    19.982200    20.701900
0.48  VELA12     20.066200    19.985600    20.637200
0.49  VELA12     20.055200    19.989200    20.574300
0.50  VELA12     20.041900    19.992400    20.512900
0.51  VELA12     20.030100    19.995400    20.452000
0.52  VELA12     20.019000    19.997400    20.395100
0.53  VELA12     20.008500    19.999400    20.337600
0.54  VELA12     19.998800    20.002300    20.280800
0.55  VELA12     19.989100    20.005200    20.225600
0.56  VELA12     19.980000    20.008000    20.173700
0.15  VELA13     21.409500    20.611600    18.035700
0.20  VELA13     21.210300    20.442000    18.336600
0.21  VELA13     21.192200    20.413700    18.398600
0.22  VELA13     21.158300    20.404300    18.443900
0.23  VELA13     21.104000    20.391100    18.486500
0.24  VELA13     21.054600    20.367200    18.538100
0.25  VELA13     21.014500    20.345600    18.581000
0.26  VELA13     20.971500    20.316500    18.627600
0.27  VELA13     20.944500    20.292500    18.682300
0.28  VELA13     20.930800    20.278500    18.736700
0.29  VELA13     20.915800    20.275600    18.788400
0.30  VELA13     20.888200    20.278000    18.838200
0.31  VELA13     20.848400    20.272300    18.897800
0.32  VELA13     20.813100    20.264400    18.952900
0.33  VELA13     20.785400    20.256500    19.003400
0.34  VELA13     20.758600    20.246800    19.051900
0.35  VELA13     20.728000    20.241800    19.097200
0.36  VELA13     20.692100    20.233400    19.147100
0.37  VELA13     20.654600    20.225800    19.201400
0.38  VELA13     20.615300    20.216500    19.252600
0.39  VELA13     20.574600    20.205900    19.297300
0.40  VELA13     20.536100    20.191800    19.333900
0.41  VELA13     20.504800    20.174800    19.372000
0.42  VELA13     20.478800    20.156500    19.411600
0.43  VELA13     20.451900    20.140000    19.453400
0.44  VELA13     20.433600    20.127400    19.499800
0.45  VELA13     20.420700    20.129100    19.553900
0.46  VELA13     20.382200    20.133000    19.601700
0.47  VELA13     20.358100    20.111200    19.635400
0.48  VELA13     20.333600    20.097800    19.672000
0.49  VELA13     20.310100    20.086700    19.708700
0.50  VELA13     20.282000    20.076900    19.746200
0.51  VELA13     20.256400    20.067000    19.780400
0.52  VELA13     20.231300    20.055800    19.811700
0.53  VELA13     20.207300    20.044700    19.841200
0.54  VELA13     20.180200    20.034600    19.872800
0.55  VELA13     20.154400    20.023600    19.903400
0.56  VELA13     20.129000    20.012500    19.933800
0.14  VELA14     17.030100    19.890600    19.942400
0.20  VELA14     17.498300    19.862800    19.999800
0.21  VELA14     17.578800    19.856300    20.006100
0.22  VELA14     17.664000    19.845900    20.011900
0.23  VELA14     17.750700    19.836200    20.016700
0.24  VELA14     17.836000    19.820300    20.020300
0.25  VELA14     17.913600    19.795200    20.027400
0.26  VELA14     17.974400    19.775400    20.029200
0.27  VELA14     18.039200    19.777900    20.020700
0.28  VELA14     18.108100    19.775000    20.015200
0.29  VELA14     18.186200    19.784300    20.013900
0.30  VELA14     18.279600    19.799600    20.016500
0.31  VELA14     18.367800    19.808800    20.018100
0.32  VELA14     18.445400    19.797700    20.009600
0.33  VELA14     18.511100    19.774600    19.990900
0.34  VELA14     18.579400    19.780200    19.990000
0.35  VELA14     18.648800    19.784900    19.979400
0.36  VELA14     18.708700    19.785400    19.970500
0.37  VELA14     18.772000    19.788900    19.968200
0.38  VELA14     18.836100    19.797800    19.970300
0.39  VELA14     18.899300    19.810200    19.971900
0.40  VELA14     18.966900    19.820000    19.973200
0.41  VELA14     19.027200    19.822700    19.972400
0.42  VELA14     19.089400    19.831800    19.972600
0.43  VELA14     19.155000    19.841400    19.973500
0.44  VELA14     19.217500    19.847700    19.972100
0.45  VELA14     19.274200    19.855000    19.971000
0.46  VELA14     19.334900    19.859300    19.969500
0.47  VELA14     19.391300    19.864100    19.970000
0.48  VELA14     19.448600    19.870500    19.970600
0.49  VELA14     19.506600    19.876700    19.970500
0.50  VELA14     19.560900    19.884600    19.971200
0.51  VELA14     19.615600    19.889400    19.970900
0.52  VELA14     19.667700    19.893000    19.970700
0.53  VELA14     19.720500    19.894400    19.970400
0.54  VELA14     19.772300    19.897400    19.971000
0.55  VELA14     19.823600    19.900000    19.971200
0.56  VELA14     19.874100    19.903000    19.970800
0.20  VELA15     19.555500    18.880400    21.729300
0.21  VELA15     19.573900    18.904600    21.686600
0.22  VELA15     19.579700    18.948600    21.619800
0.23  VELA15     19.591900    18.989000    21.550700
0.24  VELA15     19.599300    19.023200    21.482000
0.25  VELA15     19.609600    19.055200    21.416500
0.26  VELA15     19.611200    19.074400    21.357900
0.27  VELA15     19.626300    19.098500    21.318400
0.28  VELA15     19.652900    19.146900    21.266200
0.29  VELA15     19.677100    19.192700    21.210500
0.30  VELA15     19.691600    19.226200    21.161700
0.31  VELA15     19.706200    19.259500    21.110400
0.32  VELA15     19.721900    19.292300    21.058600
0.33  VELA15     19.737400    19.324300    21.006900
0.34  VELA15     19.755100    19.357000    20.957000
0.35  VELA15     19.773100    19.390100    20.907400
0.36  VELA15     19.790200    19.424700    20.858500
0.37  VELA15     19.809700    19.461200    20.804900
0.38  VELA15     19.827200    19.492000    20.754600
0.39  VELA15     19.842700    19.518500    20.711900
0.40  VELA15     19.859000    19.548000    20.667400
0.41  VELA15     19.875400    19.582700    20.620300
0.42  VELA15     19.891300    19.618100    20.574500
0.43  VELA15     19.905100    19.653600    20.530200
0.44  VELA15     19.918700    19.688700    20.485600
0.45  VELA15     19.932100    19.723000    20.440300
0.46  VELA15     19.944400    19.754800    20.394900
0.47  VELA15     19.956300    19.782200    20.353400
0.48  VELA15     19.969300    19.810300    20.310500
0.49  VELA15     19.982300    19.835800    20.265100
0.50  VELA15     19.994300    19.859400    20.222000
0.51  VELA15     20.007200    19.884800    20.177000
0.52  VELA15     20.021000    19.911200    20.130200
0.53  VELA15     20.034500    19.935100    20.086400
0.54  VELA15     20.046700    19.959700    20.042600
0.55  VELA15     20.059500    19.982600    20.002800
0.56  VELA15     20.073300    20.007700    19.963700
0.14  VELA16     11.435400     9.331000    10.804200
0.20  VELA16     11.216700     9.562300    10.678300
0.21  VELA16     11.185000     9.576000    10.656400
0.22  VELA16     11.140500     9.598000    10.627200
0.23  VELA16     11.098900     9.615800    10.604100
0.24  VELA16     11.058700     9.634600    10.581700
0.25  VELA16     11.017400     9.651800    10.558300
0.26  VELA16     10.973700     9.668300    10.530300
0.27  VELA16     10.930900     9.685800    10.501600
0.28  VELA16     10.887700     9.700200    10.475300
0.14  VELA17     10.467800    11.373400     9.160400
0.15  VELA17     10.468900    11.313000     9.213600
0.20  VELA17     10.424300    11.160400     9.419600
0.21  VELA17     10.396300    11.113400     9.466400
0.22  VELA17     10.361800    11.040800     9.512600
0.23  VELA17     10.324900    10.968300     9.530200
0.24  VELA17     10.298100    10.924900     9.549300
0.25  VELA17     10.284700    10.883100     9.580200
0.26  VELA17     10.278600    10.834900     9.602000
0.27  VELA17     10.275300    10.795500     9.613000
0.28  VELA17     10.269400    10.771300     9.619800
0.29  VELA17     10.257300    10.748200     9.625000
0.30  VELA17     10.236900    10.736100     9.627600
0.31  VELA17     10.194100    10.720700     9.654300
0.13  VELA19     10.385600    10.526600     9.601100
0.14  VELA19     10.368100    10.501900     9.625300
0.20  VELA19     10.285300    10.353000     9.730300
0.21  VELA19     10.269000    10.325200     9.743700
0.22  VELA19     10.252400    10.303400     9.757100
0.23  VELA19     10.232600    10.282800     9.770300
0.24  VELA19     10.216300    10.257300     9.779300
0.25  VELA19     10.196900    10.226600     9.787800
0.26  VELA19     10.174100    10.189800     9.793600
0.27  VELA19     10.157100    10.143200     9.802000
0.28  VELA19     10.143200    10.115900     9.821200
0.29  VELA19     10.133600    10.106200     9.831500
0.30  VELA19     10.119800    10.096800     9.839800
0.14  VELA20      8.643900     8.434800     9.263100
0.20  VELA20      8.986800     8.876300     9.503800
0.21  VELA20      9.066800     8.935500     9.535300
0.22  VELA20      9.093100     8.987600     9.550500
0.23  VELA20      9.116600     9.039200     9.576500
0.24  VELA20      9.151200     9.084800     9.604200
0.25  VELA20      9.194400     9.134300     9.630600
0.26  VELA20      9.239800     9.186200     9.656900
0.27  VELA20      9.282700     9.237900     9.683700
0.28  VELA20      9.326600     9.289400     9.711300
0.29  VELA20      9.372100     9.340000     9.739200
0.30  VELA20      9.418400     9.393500     9.765000
0.31  VELA20      9.464000     9.448700     9.791600
0.32  VELA20      9.516300     9.507200     9.819200
0.33  VELA20      9.558500     9.565300     9.831700
0.34  VELA20      9.580500     9.609000     9.847600
0.35  VELA20      9.606200     9.652500     9.862300
0.36  VELA20      9.631300     9.690900     9.875300
0.37  VELA20      9.659800     9.727500     9.892000
0.38  VELA20      9.686200     9.764000     9.908300
0.39  VELA20      9.716000     9.800300     9.925500
0.40  VELA20      9.749000     9.834400     9.942600
0.41  VELA20      9.785200     9.869500     9.959400
0.42  VELA20      9.821700     9.904500     9.974400
0.43  VELA20      9.859200     9.940000     9.986100
0.44  VELA20      9.898400     9.975900     9.997300
0.14  VELA21      8.717900    10.104900    10.419700
0.20  VELA21      9.081800    10.072900    10.257000
0.21  VELA21      9.110900    10.079000    10.215100
0.22  VELA21      9.146000    10.076500    10.175900
0.23  VELA21      9.159400    10.073800    10.139700
0.24  VELA21      9.187600    10.064500    10.132400
0.25  VELA21      9.240500    10.058600    10.126400
0.26  VELA21      9.289500    10.055400    10.115300
0.27  VELA21      9.329700    10.051700    10.112100
0.28  VELA21      9.366800    10.048600    10.109300
0.29  VELA21      9.401100    10.046100    10.104400
0.30  VELA21      9.436500    10.045700    10.098400
0.31  VELA21      9.472400    10.045000    10.092900
0.32  VELA21      9.510300    10.044700    10.083900
0.33  VELA21      9.547600    10.046600    10.074100
0.34  VELA21      9.584600    10.048500    10.067000
0.35  VELA21      9.621500    10.049000    10.061400
0.36  VELA21      9.656800    10.048900    10.056500
0.37  VELA21      9.696400    10.047300    10.052800
0.38  VELA21      9.733000    10.041600    10.045400
0.39  VELA21      9.764100    10.037800    10.038000
0.40  VELA21      9.794800    10.034100    10.029500
0.41  VELA21      9.825300    10.030300    10.019500
0.42  VELA21      9.856100    10.028200    10.005700
0.43  VELA21      9.885600    10.025400     9.995700
0.44  VELA21      9.916700    10.021300     9.985000
0.45  VELA21      9.945200    10.017300     9.975800
0.46  VELA21      9.974800    10.011400     9.968800
0.47  VELA21     10.003700    10.005400     9.960600
0.48  VELA21     10.031000     9.999400     9.954200
0.49  VELA21     10.058600     9.993200     9.948600
0.50  VELA21     10.086700     9.986900     9.941500
0.14  VELA22     10.522500     8.792400    10.580400
0.20  VELA22     10.357400     9.114600    10.435800
0.21  VELA22     10.323100     9.125000    10.424700
0.22  VELA22     10.286500     9.149300    10.408500
0.23  VELA22     10.269600     9.180600    10.390300
0.24  VELA22     10.253900     9.210600    10.365800
0.25  VELA22     10.239200     9.244400    10.342500
0.26  VELA22     10.218100     9.283200    10.321300
0.27  VELA22     10.197600     9.322700    10.300800
0.28  VELA22     10.178800     9.359000    10.279800
0.29  VELA22     10.163400     9.397200    10.257600
0.30  VELA22     10.145800     9.439900    10.237500
0.31  VELA22     10.128800     9.477200    10.217100
0.32  VELA22     10.110500     9.517100    10.195500
0.33  VELA22     10.094400     9.558400    10.175800
0.34  VELA22     10.079100     9.601900    10.155200
0.35  VELA22     10.064600     9.646200    10.134500
0.36  VELA22     10.050300     9.691700    10.115300
0.37  VELA22     10.035600     9.739300    10.094700
0.38  VELA22     10.013100     9.782700    10.065800
0.39  VELA22      9.994500     9.816600    10.045600
0.40  VELA22      9.978100     9.847800    10.028200
0.41  VELA22      9.961900     9.880700    10.010000
0.42  VELA22      9.947500     9.914900     9.990700
0.43  VELA22      9.933300     9.948000     9.971700
0.44  VELA22      9.919100     9.979400     9.953100
0.45  VELA22      9.904500    10.011000     9.935600
0.46  VELA22      9.890200    10.044500     9.918000
0.47  VELA22      9.877500    10.076200     9.901000
0.48  VELA22      9.864400    10.107900     9.883900
0.49  VELA22      9.851400    10.137700     9.867100
0.50  VELA22      9.838300    10.166200     9.850300
0.14  VELA23     11.087700     8.858200     9.986300
0.20  VELA23     10.876500     9.061300     9.931000
0.21  VELA23     10.844500     9.103000     9.931000
0.22  VELA23     10.809500     9.141200     9.935400
0.23  VELA23     10.767700     9.180200     9.939200
0.24  VELA23     10.735700     9.218800     9.935000
0.25  VELA23     10.708000     9.253300     9.926900
0.26  VELA23     10.674500     9.296000     9.923800
0.27  VELA23     10.643500     9.335600     9.920200
0.28  VELA23     10.615000     9.373500     9.921000
0.29  VELA23     10.582700     9.419100     9.919000
0.30  VELA23     10.547300     9.465800     9.917200
0.31  VELA23     10.511900     9.513600     9.916700
0.32  VELA23     10.473200     9.564600     9.917400
0.33  VELA23     10.432200     9.616000     9.920600
0.34  VELA23     10.389800     9.666800     9.925700
0.35  VELA23     10.344700     9.716500     9.931400
0.36  VELA23     10.297200     9.762800     9.938400
0.37  VELA23     10.245700     9.805200     9.946900
0.38  VELA23     10.191200     9.845800     9.955500
0.39  VELA23     10.134500     9.883100     9.964300
0.40  VELA23     10.076700     9.918400     9.972400
0.41  VELA23     10.020300     9.952500     9.978600
0.42  VELA23      9.968100     9.990200     9.981100
0.43  VELA23      9.928100    10.032200     9.975600
0.44  VELA23      9.903400    10.072300     9.958500
0.45  VELA23      9.883500    10.120100     9.942500
0.46  VELA23      9.847400    10.157500     9.934600
0.47  VELA23      9.807600    10.186100     9.929900
0.48  VELA23      9.767500    10.208300     9.931000
0.49  VELA23      9.730900    10.244500     9.923200
0.50  VELA23      9.698300    10.275300     9.918600
0.20  VELA24     10.175900     8.663000     8.777700
0.21  VELA24     10.188200     8.754400     8.830400
0.22  VELA24     10.179800     8.850900     8.874600
0.23  VELA24     10.163000     8.907200     8.959600
0.24  VELA24     10.154900     8.989300     9.001200
0.25  VELA24     10.161500     9.038500     9.055900
0.26  VELA24     10.172000     9.099200     9.107800
0.27  VELA24     10.170300     9.156800     9.162500
0.28  VELA24     10.169900     9.212300     9.219800
0.29  VELA24     10.168500     9.269100     9.281800
0.30  VELA24     10.160600     9.330600     9.345600
0.31  VELA24     10.143400     9.393500     9.406300
0.32  VELA24     10.123100     9.457700     9.461600
0.33  VELA24     10.105000     9.514000     9.511100
0.34  VELA24     10.089500     9.562600     9.555200
0.35  VELA24     10.076800     9.600200     9.594600
0.36  VELA24     10.074300     9.639500     9.638700
0.37  VELA24     10.070100     9.690600     9.693300
0.38  VELA24     10.054800     9.744700     9.747700
0.39  VELA24     10.035000     9.796400     9.796100
0.40  VELA24     10.024100     9.841000     9.845600
0.41  VELA24     10.014600     9.889800     9.899600
0.42  VELA24     10.009000     9.934900     9.955800
0.43  VELA24     10.006900     9.985700    10.018100
0.44  VELA24      9.999300    10.040900    10.076300
0.45  VELA24      9.989900    10.096500    10.134100
0.46  VELA24      9.978700    10.152000    10.193500
0.47  VELA24      9.965600    10.206600    10.252400
0.48  VELA24      9.952100    10.260700    10.311400
0.49  VELA24      9.937300    10.315800    10.372900
0.50  VELA24      9.921900    10.370400    10.434600
0.14  VELA25     10.176100     9.834100     9.328900
0.20  VELA25     10.117100     9.903000     9.478000
0.21  VELA25     10.130000     9.932600     9.502000
0.22  VELA25     10.125600     9.940400     9.525100
0.23  VELA25     10.123300     9.936800     9.552600
0.24  VELA25     10.128300     9.957200     9.575400
0.25  VELA25     10.120900     9.960800     9.599600
0.26  VELA25     10.118200     9.965900     9.628100
0.27  VELA25     10.115400     9.976800     9.654800
0.28  VELA25     10.114100     9.991000     9.684100
0.29  VELA25     10.112900    10.005500     9.713900
0.30  VELA25     10.116300    10.023500     9.738500
0.31  VELA25     10.107600    10.018900     9.758900
0.32  VELA25     10.094700    10.008400     9.788100
0.33  VELA25     10.079200     9.994900     9.818400
0.34  VELA25     10.076100     9.995500     9.848400
0.35  VELA25     10.064100     9.989900     9.884300
0.36  VELA25     10.045100     9.986500     9.910100
0.37  VELA25     10.033000     9.984400     9.928700
0.38  VELA25     10.026000     9.985300     9.943000
0.39  VELA25     10.021200     9.988200     9.955400
0.40  VELA25     10.013900     9.988300     9.972200
0.41  VELA25     10.006200     9.989200     9.990800
0.42  VELA25      9.999200     9.990000    10.007600
0.43  VELA25      9.992000     9.990700    10.023500
0.44  VELA25      9.984600     9.992700    10.040300
0.45  VELA25      9.977000     9.993900    10.058000
0.46  VELA25      9.969100     9.994900    10.075500
0.47  VELA25      9.960600     9.995600    10.093700
0.48  VELA25      9.951600     9.996100    10.111300
0.49  VELA25      9.942900     9.997600    10.127700
0.50  VELA25      9.934800     9.999500    10.144500
0.14  VELA26      9.246700    10.687200     9.577600
0.20  VELA26      9.490800    10.443000     9.660500
0.21  VELA26      9.525800    10.411100     9.683300
0.22  VELA26      9.558100    10.373600     9.701400
0.23  VELA26      9.591300    10.341800     9.717800
0.24  VELA26      9.620700    10.314700     9.734200
0.25  VELA26      9.650800    10.297700     9.751200
0.26  VELA26      9.680400    10.272700     9.757200
0.27  VELA26      9.709300    10.246200     9.758300
0.28  VELA26      9.732500    10.218400     9.759700
0.29  VELA26      9.751800    10.197900     9.781700
0.30  VELA26      9.773600    10.173300     9.799400
0.31  VELA26      9.796200    10.152200     9.813400
0.32  VELA26      9.820900    10.132400     9.830900
0.33  VELA26      9.844900    10.116200     9.853000
0.34  VELA26      9.867500    10.101800     9.879000
0.35  VELA26      9.889500    10.087700     9.902900
0.36  VELA26      9.911200    10.077700     9.922700
0.37  VELA26      9.931300    10.068000     9.938800
0.38  VELA26      9.950200    10.057300     9.952500
0.39  VELA26      9.967900    10.045100     9.965300
0.40  VELA26      9.985400    10.031000     9.976300
0.41  VELA26     10.003300    10.015400     9.986400
0.42  VELA26     10.020500     9.999400     9.995800
0.43  VELA26     10.036800     9.982900    10.004700
0.44  VELA26     10.053100     9.965000    10.013800
0.45  VELA26     10.069700     9.945700    10.023700
0.46  VELA26     10.086300     9.925700    10.036000
0.47  VELA26     10.101900     9.910500    10.047400
0.48  VELA26     10.118200     9.900000    10.058100
0.49  VELA26     10.134200     9.888900    10.067900
0.50  VELA26     10.150400     9.876200    10.077600
0.14  VELA27     10.208700     9.857500     9.331600
0.20  VELA27     10.185300     9.908600     9.484900
0.21  VELA27     10.185600     9.906700     9.506600
0.22  VELA27     10.187800     9.903800     9.540400
0.23  VELA27     10.180300     9.912900     9.564700
0.24  VELA27     10.167600     9.925400     9.590100
0.25  VELA27     10.150800     9.933800     9.613100
0.26  VELA27     10.135200     9.937900     9.636600
0.27  VELA27     10.120600     9.937100     9.660500
0.28  VELA27     10.106900     9.939000     9.687300
0.29  VELA27     10.091500     9.944600     9.714800
0.30  VELA27     10.071800     9.953600     9.741100
0.31  VELA27     10.048400     9.959700     9.768400
0.32  VELA27     10.031800     9.966000     9.809400
0.33  VELA27     10.029300     9.969500     9.827500
0.34  VELA27     10.027800     9.970700     9.840600
0.35  VELA27     10.020000     9.970200     9.857000
0.36  VELA27     10.010200     9.971400     9.878300
0.37  VELA27     10.005300     9.971500     9.896400
0.38  VELA27     10.001000     9.970600     9.912600
0.39  VELA27      9.998200     9.970200     9.930300
0.40  VELA27      9.996200     9.970300     9.947700
0.41  VELA27      9.993800     9.970100     9.963200
0.42  VELA27      9.990500     9.970300     9.977100
0.43  VELA27      9.986400     9.970100     9.991300
0.44  VELA27      9.981400     9.969400    10.005800
0.45  VELA27      9.976400     9.968600    10.019500
0.46  VELA27      9.969700     9.968200    10.035200
0.47  VELA27      9.963800     9.967700    10.050500
0.48  VELA27      9.957800     9.967200    10.065500
0.49  VELA27      9.951400     9.966600    10.080100
0.50  VELA27      9.944600     9.965400    10.095100
0.14  VELA28     10.220200     9.900800     9.498300
0.15  VELA28     10.210500     9.903700     9.516900
0.20  VELA28     10.172700     9.907600     9.604600
0.21  VELA28     10.165800     9.906900     9.623500
0.22  VELA28     10.157800     9.902600     9.643700
0.23  VELA28     10.151700     9.899600     9.660100
0.24  VELA28     10.146700     9.887700     9.684000
0.25  VELA28     10.135500     9.876900     9.714300
0.26  VELA28     10.119700     9.879200     9.743800
0.27  VELA28     10.113800     9.890200     9.764000
0.28  VELA28     10.109600     9.918400     9.775500
0.29  VELA28     10.108900     9.926300     9.774100
0.30  VELA28     10.096000     9.930600     9.800000
0.31  VELA28     10.085800     9.939800     9.821900
0.32  VELA28     10.069400     9.942400     9.858800
0.33  VELA28     10.053000     9.953500     9.881500
0.34  VELA28     10.048000     9.957700     9.887600
0.35  VELA28     10.040100     9.963600     9.891600
0.36  VELA28     10.028600     9.971100     9.906600
0.37  VELA28     10.018200     9.977300     9.924800
0.38  VELA28     10.008000     9.982900     9.942100
0.39  VELA28      9.996700     9.988200     9.961400
0.40  VELA28      9.985900     9.993400     9.979700
0.41  VELA28      9.975100     9.998500     9.997800
0.42  VELA28      9.965700    10.002600    10.016000
0.43  VELA28      9.954900    10.007300    10.036700
0.44  VELA28      9.946200    10.012100    10.056500
0.45  VELA28      9.937400    10.018200    10.074900
0.46  VELA28      9.928700    10.023700    10.091300
0.47  VELA28      9.920100    10.030000    10.106500
0.48  VELA28      9.911400    10.035400    10.123400
0.49  VELA28      9.902600    10.041400    10.142300
0.50  VELA28      9.893500    10.048400    10.162700
0.14  VELA29     11.186400    10.900600    10.707600
0.20  VELA29     10.982000    10.718000    10.601800
0.21  VELA29     10.936300    10.678700    10.574700
0.22  VELA29     10.892400    10.630800    10.549900
0.23  VELA29     10.844600    10.581700    10.521900
0.24  VELA29     10.793900    10.534300    10.490600
0.25  VELA29     10.744800    10.489200    10.459900
0.26  VELA29     10.695000    10.443500    10.424700
0.27  VELA29     10.646900    10.394700    10.381300
0.28  VELA29     10.599100    10.359100    10.332000
0.29  VELA29     10.560900    10.318100    10.316100
0.30  VELA29     10.516400    10.279200    10.284800
0.31  VELA29     10.476600    10.257200    10.265700
0.32  VELA29     10.440100    10.239000    10.248000
0.33  VELA29     10.402800    10.215800    10.232000
0.34  VELA29     10.359600    10.191900    10.209300
0.35  VELA29     10.321000    10.164000    10.192700
0.36  VELA29     10.281500    10.135400    10.175700
0.37  VELA29     10.240200    10.107300    10.157800
0.38  VELA29     10.197200    10.080800    10.139600
0.39  VELA29     10.151500    10.050400    10.124100
0.40  VELA29     10.107700    10.012200    10.101900
0.41  VELA29     10.065700     9.991000    10.071800
0.42  VELA29     10.026400     9.978000    10.043800
0.43  VELA29      9.988200     9.968400    10.016300
0.44  VELA29      9.948600     9.954600     9.991900
0.45  VELA29      9.907700     9.940000     9.964200
0.46  VELA29      9.868200     9.926400     9.938500
0.47  VELA29      9.829800     9.910500     9.914800
0.48  VELA29      9.792800     9.894800     9.891700
0.49  VELA29      9.753600     9.879200     9.868700
0.50  VELA29      9.712500     9.864100     9.845000
0.14  VELA30      9.698800     9.805500    10.804300
0.20  VELA30      9.790100     9.827400    10.661000
0.21  VELA30      9.800600     9.826400    10.632100
0.22  VELA30      9.815300     9.828000    10.608700
0.23  VELA30      9.829300     9.826800    10.584600
0.24  VELA30      9.839600     9.817400    10.566200
0.25  VELA30      9.849400     9.816500    10.541300
0.26  VELA30      9.856300     9.815700    10.513700
0.27  VELA30      9.858600     9.812900    10.485300
0.28  VELA30      9.861900     9.810200    10.458600
0.29  VELA30      9.868000     9.806900    10.432500
0.30  VELA30      9.875500     9.801700    10.406200
0.31  VELA30      9.882900     9.796100    10.381100
0.32  VELA30      9.890200     9.792800    10.357200
0.33  VELA30      9.897800     9.791100    10.332600
0.34  VELA30      9.906400     9.791000    10.306300
0.35  VELA30      9.914200     9.791300    10.280300
0.36  VELA30      9.920000     9.793400    10.252100
0.37  VELA30      9.924000     9.797100    10.224200
0.38  VELA30      9.926700     9.801300    10.195200
0.14  VELA31      8.489300    10.563100    10.363800
0.15  VELA31      8.548800    10.488200    10.340900
0.19  VELA31      8.742700    10.351500    10.242200
0.20  VELA31      8.820700    10.308900    10.254400
0.21  VELA31      8.880400    10.296100    10.253200
0.22  VELA31      8.914800    10.277500    10.225200
0.23  VELA31      8.964800    10.252100    10.223600
0.24  VELA31      9.013000    10.233000    10.212100
0.25  VELA31      9.060100    10.218200    10.201100
0.26  VELA31      9.106500    10.208500    10.187800
0.27  VELA31      9.149700    10.196500    10.174100
0.28  VELA31      9.192100    10.183400    10.163000
0.29  VELA31      9.236600    10.168300    10.151700
0.30  VELA31      9.282700    10.151700    10.140400
0.31  VELA31      9.328700    10.132700    10.128400
0.32  VELA31      9.371400    10.107400    10.119300
0.33  VELA31      9.413200    10.076700    10.119300
0.34  VELA31      9.456800    10.059800    10.127000
0.35  VELA31      9.499100    10.052900    10.116200
0.36  VELA31      9.543000    10.048100    10.093100
0.14  VELA32      8.524200    11.372100     9.743800
0.20  VELA32      8.823300    11.072200     9.838800
0.21  VELA32      8.870000    11.033400     9.851300
0.22  VELA32      8.917300    10.989700     9.863100
0.23  VELA32      8.969700    10.939700     9.876200
0.24  VELA32      9.021200    10.889000     9.885600
0.25  VELA32      9.068600    10.844900     9.895800
0.26  VELA32      9.117300    10.799900     9.900600
0.27  VELA32      9.164300    10.759400     9.909100
0.28  VELA32      9.216900    10.716900     9.922400
0.29  VELA32      9.271400    10.668800     9.936400
0.30  VELA32      9.325300    10.617100     9.950600
0.31  VELA32      9.377200    10.560400     9.967800
0.32  VELA32      9.430400    10.499200     9.989100
0.33  VELA32      9.478300    10.432600    10.015900
0.14  VELA33     10.247100     9.909100    11.362900
0.15  VELA33     10.241000     9.944600    11.298300
0.20  VELA33     10.237700     9.942600    10.958700
0.21  VELA33     10.236700     9.944000    10.895100
0.22  VELA33     10.246100     9.944500    10.823100
0.23  VELA33     10.265400     9.945200    10.741600
0.24  VELA33     10.290800     9.937800    10.637300
0.25  VELA33     10.269800     9.931200    10.580300
0.26  VELA33     10.260700     9.917700    10.533800
0.27  VELA33     10.256400     9.901800    10.484600
0.28  VELA33     10.258900     9.881400    10.425400
0.29  VELA33     10.269300     9.873200    10.351000
0.30  VELA33     10.270300     9.863600    10.301000
0.31  VELA33     10.253900     9.854500    10.291500
0.32  VELA33     10.221800     9.862700    10.258800
0.33  VELA33     10.188100     9.880300    10.221600
0.34  VELA33     10.159500     9.911600    10.168000
0.35  VELA33     10.133200     9.948500    10.134300
0.36  VELA33     10.117300     9.986200    10.124900
0.20  VELA34      9.612900    10.276000     9.274600
0.21  VELA34      9.622900    10.260300     9.301100
0.22  VELA34      9.656600    10.243600     9.333900
0.23  VELA34      9.668800    10.236600     9.361500
0.24  VELA34      9.680900    10.222000     9.396000
0.25  VELA34      9.699700    10.201400     9.432400
0.26  VELA34      9.740600    10.189900     9.473100
0.27  VELA34      9.770900    10.194100     9.507100
0.28  VELA34      9.802100    10.184000     9.544600
0.29  VELA34      9.815600    10.166700     9.590300
0.30  VELA34      9.823300    10.137200     9.633000
0.14  VELA35     10.607000     8.210100    10.703500
0.15  VELA35     10.572300     8.293300    10.692900
0.20  VELA35     10.431700     8.688600    10.563500
0.21  VELA35     10.402000     8.737200    10.541700
0.22  VELA35     10.373400     8.792500    10.542700
0.23  VELA35     10.340400     8.863100    10.526900
0.24  VELA35     10.313500     8.924700    10.504300
