0.10  VELA06     21.189200    19.282700    18.442100
0.10  VELA07     20.763700    17.647900    21.920000
0.10  VELA09     19.720700    18.703500    24.695200
0.10  VELA16     11.546100     9.187000    10.835000
0.10  VELA17     10.377300    11.481900     9.007100
0.10  VELA19     10.430600    10.590800     9.562400
0.10  VELA20      8.393900     8.155800     9.112800
0.10  VELA21      8.498500    10.129800    10.502800
0.10  VELA22     10.720300     8.517700    10.741300
0.10  VELA23     11.254700     8.685500     9.996800
0.10  VELA27     10.221200     9.781200     9.183400
0.10  VELA30      9.715000     9.910400    10.914100
0.10  VELA32      8.325200    11.580200     9.732600
0.11  VELA06     21.161900    19.292100    18.497800
0.11  VELA07     20.709100    17.706300    21.868700
0.11  VELA08     22.314100    20.662100    19.788100
0.11  VELA09     19.741400    18.736900    24.573600
0.11  VELA11     18.758000    19.467900    19.862800
0.11  VELA12     19.981700    19.668700    23.516600
0.11  VELA13     21.549200    20.757700    17.771500
0.11  VELA16     11.533300     9.218300    10.832600
0.11  VELA17     10.388200    11.441300     9.048600
0.11  VELA19     10.411800    10.575500     9.546300
0.11  VELA20      8.461300     8.221500     9.153400
0.11  VELA21      8.546100    10.125300    10.483600
0.11  VELA22     10.673500     8.594200    10.700400
0.11  VELA23     11.210200     8.721800     9.986700
0.11  VELA25     10.217700     9.806100     9.247400
0.11  VELA26      9.132500    10.840800     9.549100
0.11  VELA27     10.221000     9.798900     9.221000
0.11  VELA28     10.272800     9.921300     9.431200
0.11  VELA29     11.263000    10.956700    10.790100
0.11  VELA30      9.720700     9.898600    10.884100
0.11  VELA32      8.385300    11.527600     9.751400
0.12  VELA01      5.213500     5.061300     4.171400
0.12  VELA04      4.420200     5.014400     4.893800
0.12  VELA06     21.126200    19.311800    18.542600
0.12  VELA07     20.661200    17.759400    21.816200
0.12  VELA08     22.271500    20.647700    19.796800
0.12  VELA09     19.757000    18.772400    24.428600
0.12  VELA10     18.553200    21.501800    22.572300
0.12  VELA11     18.775300    19.497200    19.872900
0.12  VELA12     19.991500    19.691500    23.423300
0.12  VELA13     21.517100    20.725200    17.832600
0.12  VELA16     11.517000     9.259200    10.826100
0.12  VELA17     10.402300    11.408700     9.087800
0.12  VELA19     10.401600    10.546500     9.584100
0.12  VELA20      8.522200     8.288400     9.180900
0.12  VELA21      8.615400    10.114200    10.451700
0.12  VELA22     10.620400     8.676500    10.660700
0.12  VELA23     11.170700     8.760800     9.980000
0.12  VELA25     10.213000     9.819600     9.272300
0.12  VELA26      9.173300    10.792400     9.558200
0.12  VELA27     10.217800     9.811100     9.253000
0.12  VELA28     10.250600     9.920100     9.451600
0.12  VELA29     11.239700    10.939500    10.762400
0.12  VELA30      9.723900     9.883000    10.850000
0.12  VELA31      8.473500    10.543700    10.436600
0.12  VELA32      8.445500    11.477300     9.751400
0.12  VELA33     10.276300     9.870500    11.502800
0.12  VELA35     10.671600     8.078500    10.740300
0.13  VELA01      5.209100     5.069500     4.197500
0.13  VELA04      4.457000     5.033100     4.911300
0.13  VELA06     21.082200    19.315700    18.590800
0.13  VELA07     20.614100    17.803400    21.764400
0.13  VELA08     22.228600    20.637100    19.810300
0.13  VELA09     19.780500    18.812400    24.316500
0.13  VELA10     18.564200    21.456400    22.503200
0.13  VELA11     18.801000    19.516900    19.862500
0.13  VELA12     20.023100    19.714700    23.336000
0.13  VELA13     21.480800    20.693000    17.900000
0.13  VELA14     16.933300    19.887500    19.916600
0.13  VELA16     11.488500     9.280000    10.805200
0.13  VELA17     10.429100    11.381600     9.119200
0.13  VELA19     10.388200    10.526700     9.600600
0.13  VELA20      8.582800     8.357400     9.221000
0.13  VELA21      8.672300    10.114400    10.434700
0.13  VELA22     10.571500     8.749700    10.617400
0.13  VELA23     11.128400     8.805600     9.976400
0.13  VELA24     10.181600     8.219400     8.314100
0.13  VELA25     10.203100     9.828000     9.295900
0.13  VELA26      9.204600    10.743500     9.567200
0.13  VELA27     10.214200     9.838100     9.290400
0.13  VELA28     10.235100     9.902600     9.479700
0.13  VELA29     11.212600    10.912400    10.733300
0.13  VELA30      9.716800     9.854800    10.811900
0.13  VELA31      8.481100    10.516400    10.401300
0.13  VELA32      8.501200    11.429400     9.756400
0.13  VELA33     10.260900     9.901800    11.442500
0.13  VELA35     10.634800     8.127600    10.716500
0.14  VELA01      5.199500     5.056700     4.213900
0.14  VELA04      4.476400     5.039200     4.926400
0.14  VELA06     21.037800    19.340000    18.632600
0.14  VELA07     20.559900    17.852900    21.711200
0.14  VELA08     22.187500    20.624000    19.824200
0.14  VELA09     19.792800    18.844400    24.210100
0.14  VELA10     18.588800    21.406300    22.434900
0.14  VELA11     18.825900    19.534800    19.860200
0.14  VELA12     20.061700    19.730300    23.254900
0.14  VELA13     21.445000    20.658700    17.965200
0.14  VELA14     17.022500    19.889300    19.935800
0.14  VELA15     19.432000    18.655700    22.189000
0.14  VELA16     11.444000     9.323400    10.806000
0.14  VELA17     10.458500    11.371900     9.158500
0.14  VELA19     10.372100    10.504600     9.621600
0.14  VELA20      8.642600     8.428300     9.254900
0.14  VELA21      8.718700    10.103600    10.422300
0.14  VELA22     10.525200     8.793100    10.582800
0.14  VELA23     11.090100     8.856600     9.983300
0.14  VELA24     10.173700     8.274900     8.372200
0.14  VELA25     10.184600     9.835200     9.320500
0.14  VELA26      9.241500    10.692600     9.579900
0.14  VELA27     10.209300     9.860700     9.330100
0.14  VELA28     10.221100     9.904000     9.495800
0.14  VELA29     11.190900    10.894100    10.707800
0.14  VELA30      9.699600     9.805100    10.813500
0.14  VELA31      8.484100    10.516400    10.390400
0.14  VELA32      8.527000    11.371700     9.751100
0.14  VELA33     10.230400     9.921100    11.357800
0.14  VELA34      9.314700    10.407300     9.215200
0.14  VELA35     10.606400     8.205400    10.706500
0.15  VELA01      5.192100     5.066700     4.241400
0.15  VELA04      4.490500     5.024000     4.921600
0.15  VELA05      5.208200     4.720300     4.857800
0.15  VELA06     20.999100    19.353000    18.680000
0.15  VELA07     20.515600    17.912900    21.661400
0.15  VELA08     22.148800    20.609400    19.839000
0.15  VELA09     19.800700    18.864600    24.109800
0.15  VELA10     18.616700    21.368700    22.368100
0.15  VELA11     18.843200    19.557800    19.851600
0.15  VELA12     20.097300    19.748900    23.172000
0.15  VELA13     21.410100    20.618900    18.031200
0.15  VELA14     17.092700    19.885200    19.954000
0.15  VELA15     19.462900    18.696900    22.119300
0.15  VELA16     11.403100     9.368100    10.793600
0.15  VELA17     10.467400    11.322500     9.204300
0.15  VELA19     10.362200    10.483900     9.640700
0.15  VELA20      8.707000     8.502300     9.277500
0.15  VELA21      8.773400    10.109100    10.398600
0.15  VELA22     10.479800     8.844000    10.552700
0.15  VELA23     11.061300     8.893700     9.976000
0.15  VELA24     10.163700     8.327800     8.427400
0.15  VELA25     10.171800     9.845500     9.345000
0.15  VELA26      9.289200    10.634700     9.588800
0.15  VELA27     10.207000     9.880300     9.367000
0.15  VELA28     10.211700     9.898900     9.516500
0.15  VELA29     11.169200    10.868500    10.682800
0.15  VELA30      9.701400     9.802400    10.803200
0.15  VELA31      8.542500    10.485700    10.346500
0.15  VELA32      8.575000    11.318300     9.766500
0.15  VELA33     10.241100     9.938200    11.299700
0.15  VELA34      9.351300    10.387700     9.228000
0.15  VELA35     10.576600     8.290200    10.697600
0.16  VELA01      5.182400     5.069500     4.268000
0.16  VELA04      4.506600     5.026200     4.926700
0.16  VELA05      5.184600     4.728900     4.864900
0.16  VELA06     20.966400    19.359300    18.730200
0.16  VELA07     20.442100    17.984100    21.619000
0.16  VELA08     22.112100    20.591500    19.863700
0.16  VELA09     19.802400    18.889300    24.022100
0.16  VELA10     18.638900    21.323700    22.304100
0.16  VELA11     18.865700    19.580400    19.837800
0.16  VELA12     20.144400    19.772500    23.086600
0.16  VELA13     21.375400    20.583000    18.093500
0.16  VELA14     17.172700    19.884700    19.965400
0.16  VELA15     19.488900    18.733100    22.044100
0.16  VELA16     11.348100     9.397100    10.772800
0.16  VELA17     10.474800    11.298600     9.236000
0.16  VELA19     10.352300    10.464400     9.656900
0.16  VELA20      8.782000     8.583000     9.298700
0.16  VELA21      8.835000    10.100600    10.369700
0.16  VELA22     10.448800     8.903200    10.519000
0.16  VELA23     11.023200     8.922600     9.966900
0.16  VELA24     10.153400     8.384900     8.490700
0.16  VELA25     10.155200     9.859700     9.371400
0.16  VELA26      9.338000    10.587800     9.600300
0.16  VELA27     10.191700     9.898100     9.398100
0.16  VELA28     10.201900     9.899000     9.533100
0.16  VELA29     11.157200    10.852000    10.694000
0.16  VELA30      9.725800     9.820000    10.757600
0.16  VELA31      8.583900    10.462500    10.317500
0.16  VELA32      8.618400    11.268000     9.781400
0.16  VELA33     10.241400     9.966000    11.212800
0.16  VELA34      9.390500    10.370600     9.238400
0.16  VELA35     10.549300     8.363200    10.681300
0.17  VELA01      5.175100     5.067600     4.299100
0.17  VELA02      5.132500     5.334500     4.707900
0.17  VELA03      5.015700     5.026000     5.240300
0.17  VELA04      4.523000     5.025600     4.932800
0.17  VELA05      5.168200     4.743400     4.871300
0.17  VELA06     20.934100    19.372700    18.768600
0.17  VELA07     20.363700    18.054200    21.578300
0.17  VELA08     22.065000    20.577900    19.877600
0.17  VELA10     18.668400    21.279000    22.246600
0.17  VELA11     18.884200    19.603800    19.821100
0.17  VELA12     20.188000    19.782300    23.006000
0.17  VELA13     21.327600    20.552500    18.149900
0.17  VELA14     17.251200    19.878900    19.973000
0.17  VELA15     19.527800    18.767000    21.978200
0.17  VELA16     11.296600     9.429700    10.734900
0.17  VELA17     10.483500    11.283800     9.277000
0.17  VELA19     10.336700    10.440300     9.669500
0.17  VELA20      8.824300     8.650600     9.335000
0.17  VELA21      8.897500    10.090500    10.334000
0.17  VELA22     10.425700     8.962200    10.495300
0.17  VELA23     10.983200     8.958700     9.959100
0.17  VELA24     10.151900     8.442500     8.564400
0.17  VELA25     10.141000     9.876600     9.398400
0.17  VELA26      9.377900    10.556600     9.629100
0.17  VELA27     10.196100     9.898400     9.424500
0.17  VELA28     10.193000     9.902000     9.548200
0.17  VELA29     11.122400    10.829500    10.685900
0.17  VELA30      9.747200     9.830500    10.731200
0.17  VELA31      8.629700    10.435000    10.287900
0.17  VELA32      8.672100    11.220000     9.789800
0.17  VELA33     10.242400     9.955100    11.154700
0.17  VELA34      9.444100    10.352900     9.242900
0.17  VELA35     10.520600     8.438500    10.666100
0.18  VELA01      5.169600     5.069800     4.324000
0.18  VELA02      5.133700     5.311100     4.721000
0.18  VELA03      5.019200     5.030900     5.251700
0.18  VELA04      4.538600     5.019800     4.933900
0.18  VELA05      5.168800     4.745900     4.876300
0.18  VELA06     20.908100    19.396300    18.785000
0.18  VELA07     20.287700    18.123100    21.540100
0.18  VELA08     22.020000    20.562800    19.877400
0.18  VELA09     19.793000    18.968100    23.816800
0.18  VELA10     18.698000    21.227300    22.203800
0.18  VELA11     18.896900    19.627500    19.803500
0.18  VELA12     20.208000    19.808800    22.908400
0.18  VELA13     21.286200    20.513900    18.207700
0.18  VELA14     17.333800    19.870900    19.982300
0.18  VELA15     19.548400    18.803300    21.903000
0.18  VELA16     11.276700     9.459300    10.722900
0.18  VELA17     10.465800    11.257100     9.318300
0.18  VELA19     10.320800    10.416800     9.683900
0.18  VELA20      8.868800     8.716400     9.378700
0.18  VELA21      8.967700    10.086700    10.310800
0.18  VELA22     10.412200     9.030700    10.475400
0.18  VELA23     10.946400     8.983200     9.945600
0.18  VELA24     10.157000     8.500900     8.638400
0.18  VELA25     10.134400     9.886500     9.427500
0.18  VELA26      9.410900    10.520300     9.634200
0.18  VELA27     10.196500     9.902800     9.445200
0.18  VELA28     10.186200     9.900100     9.564700
0.18  VELA29     11.077600    10.805100    10.641800
0.18  VELA30      9.762600     9.835500    10.714600
0.18  VELA31      8.675500    10.403700    10.266000
0.18  VELA32      8.726500    11.174300     9.801900
0.18  VELA33     10.243400     9.942900    11.095200
0.18  VELA34      9.510100    10.324200     9.247000
0.18  VELA35     10.491800     8.513200    10.645800
0.19  VELA01      5.166600     5.069200     4.344100
0.19  VELA02      5.138500     5.305400     4.722500
0.19  VELA03      5.009600     5.044200     5.254300
0.19  VELA04      4.555200     5.015200     4.935400
0.19  VELA05      5.152500     4.753700     4.877000
0.19  VELA06     20.880500    19.413200    18.812300
0.19  VELA07     20.196300    18.191100    21.513800
0.19  VELA08     21.981900    20.545700    19.896800
0.19  VELA09     19.795700    19.009800    23.700600
0.19  VELA10     18.733200    21.183900    22.159000
0.19  VELA11     18.899000    19.645300    19.794900
0.19  VELA12     20.202200    19.821600    22.822600
0.19  VELA13     21.245100    20.478700    18.269800
0.19  VELA14     17.413600    19.866200    19.993200
0.19  VELA15     19.559600    18.839100    21.817100
0.19  VELA16     11.260500     9.484700    10.712400
0.19  VELA17     10.445400    11.222800     9.352500
0.19  VELA19     10.313100    10.395000     9.701000
0.19  VELA20      8.906500     8.778000     9.420100
0.19  VELA21      9.038000    10.077200    10.286800
0.19  VELA22     10.400800     9.081400    10.457400
0.19  VELA23     10.911700     9.013100     9.935100
0.19  VELA24     10.161700     8.571900     8.713300
0.19  VELA25     10.130900     9.896600     9.450200
0.19  VELA26      9.449000    10.485100     9.647200
0.19  VELA27     10.185100     9.906200     9.466900
0.19  VELA28     10.179900     9.897300     9.582300
0.19  VELA29     11.035300    10.768600    10.624200
0.19  VELA30      9.777300     9.830100    10.695000
0.19  VELA31      8.725700    10.372300    10.253000
0.19  VELA32      8.773200    11.123100     9.816600
0.19  VELA33     10.243800     9.938900    11.028200
0.19  VELA34      9.560200    10.297700     9.256100
0.19  VELA35     10.465000     8.591700    10.615000
0.20  VELA01      5.159100     5.062300     4.363900
0.20  VELA02      5.147100     5.296300     4.721800
0.20  VELA03      5.004900     5.056600     5.245500
0.20  VELA04      4.569300     5.008900     4.936800
0.20  VELA05      5.146900     4.756700     4.886900
0.20  VELA06     20.857200    19.433000    18.841900
0.20  VELA07     20.126700    18.255100    21.480100
0.20  VELA08     21.939600    20.528000    19.905600
0.20  VELA09     19.800200    19.050900    23.587200
0.20  VELA10     18.761900    21.143000    22.089400
0.20  VELA11     18.894700    19.662700    19.802000
0.20  VELA12     20.215000    19.802500    22.731800
0.20  VELA13     21.212700    20.445700    18.331600
0.20  VELA14     17.494600    19.861600    20.001500
0.20  VELA15     19.560400    18.880000    21.734700
0.20  VELA16     11.247100     9.515100    10.700600
0.20  VELA17     10.427500    11.189600     9.389300
0.20  VELA19     10.301100    10.372400     9.715300
0.20  VELA20      8.953100     8.840900     9.469500
0.20  VELA21      9.077100    10.073700    10.260600
0.20  VELA22     10.370500     9.099100    10.445000
0.20  VELA23     10.877300     9.054800     9.932100
0.20  VELA24     10.172200     8.653300     8.776400
0.20  VELA25     10.137000     9.914500     9.468400
0.20  VELA26      9.485100    10.451200     9.661100
0.20  VELA27     10.183800     9.904600     9.487900
0.20  VELA28     10.174900     9.893800     9.601700
0.20  VELA29     10.991900    10.732700    10.602500
0.20  VELA30      9.792600     9.824300    10.673500
0.20  VELA32      8.808300    11.085900     9.833800
0.20  VELA33     10.237100     9.943800    10.970300
0.20  VELA34      9.610700    10.277600     9.270900
0.20  VELA35     10.438000     8.655700    10.575000
0.21  VELA01      5.150100     5.044300     4.380600
0.21  VELA02      5.145600     5.289600     4.723200
0.21  VELA03      5.010300     5.051300     5.239300
0.21  VELA04      4.584200     5.003200     4.938500
0.21  VELA05      5.140900     4.765600     4.884800
0.21  VELA06     20.824700    19.452200    18.868200
0.21  VELA07     20.068500    18.309400    21.435300
0.21  VELA08     21.897300    20.513600    19.908400
0.21  VELA09     19.811900    19.098000    23.479300
0.21  VELA10     18.789000    21.099000    22.039100
0.21  VELA11     18.892400    19.663000    19.826700
0.21  VELA12     20.220800    19.795300    22.662900
0.21  VELA13     21.197500    20.419100    18.393400
0.21  VELA14     17.579500    19.850400    20.009000
0.21  VELA15     19.572400    18.906200    21.684100
0.21  VELA16     11.225300     9.535500    10.680900
0.21  VELA17     10.403500    11.158100     9.428300
0.21  VELA19     10.286000    10.349000     9.729900
0.21  VELA20      9.021500     8.903400     9.511000
0.21  VELA21      9.105400    10.080700    10.218200
0.21  VELA22     10.338500     9.106600    10.433900
0.21  VELA23     10.844700     9.096900     9.934300
0.21  VELA24     10.184700     8.745700     8.827700
0.21  VELA25     10.128100     9.922200     9.495000
0.21  VELA26      9.515400    10.418100     9.682100
0.21  VELA27     10.185400     9.904400     9.511100
0.21  VELA28     10.168900     9.892400     9.620100
0.21  VELA29     10.948200    10.690500    10.578500
0.21  VELA30      9.800300     9.820500    10.647900
0.21  VELA32      8.855000    11.046900     9.845500
0.21  VELA33     10.236300     9.945500    10.911600
0.21  VELA34      9.620600    10.264100     9.296400
0.21  VELA35     10.411200     8.700600    10.561600
0.22  VELA01      5.139300     5.033700     4.401600
0.22  VELA02      5.142600     5.279900     4.726200
0.22  VELA03      5.017400     5.044200     5.235900
0.22  VELA04      4.600000     4.997700     4.939300
0.22  VELA05      5.132100     4.771100     4.875800
0.22  VELA06     20.797100    19.473900    18.891500
0.22  VELA07     20.004800    18.375900    21.390300
0.22  VELA08     21.855900    20.500500    19.909000
0.22  VELA09     19.819500    19.135900    23.376000
0.22  VELA10     18.814200    21.054800    21.993400
0.22  VELA11     18.931100    19.679700    19.819700
0.22  VELA12     20.220300    19.809200    22.600200
0.22  VELA13     21.159800    20.406800    18.437400
0.22  VELA14     17.663800    19.839800    20.014500
0.22  VELA15     19.584200    18.942500    21.627600
0.22  VELA16     11.201800     9.546000    10.665300
0.22  VELA17     10.379800    11.113100     9.466700
0.22  VELA19     10.274200    10.331400     9.742500
0.22  VELA20      9.055700     8.948100     9.519200
0.22  VELA21      9.136700    10.076800    10.181800
0.22  VELA22     10.304100     9.131500    10.418700
0.22  VELA23     10.809900     9.131700     9.938100
0.22  VELA24     10.183100     8.853500     8.874200
0.22  VELA25     10.126100     9.938200     9.523500
0.22  VELA26      9.547500    10.385300     9.700200
0.22  VELA27     10.188400     9.903700     9.542300
0.22  VELA28     10.160700     9.887700     9.639000
0.22  VELA29     10.904600    10.648000    10.553900
0.22  VELA30      9.809500     9.817400    10.629400
0.22  VELA32      8.897500    11.005000     9.859200
0.22  VELA33     10.243200     9.943100    10.849100
0.22  VELA34      9.652000    10.250900     9.324800
0.22  VELA35     10.381700     8.764000    10.552100
0.23  VELA01      5.131300     5.033000     4.428900
0.23  VELA02      5.142000     5.268500     4.729100
0.23  VELA03      5.028900     5.041400     5.238600
0.23  VELA04      4.616900     4.992600     4.940000
0.23  VELA05      5.120800     4.781000     4.871100
0.23  VELA06     20.769300    19.495000    18.913300
0.23  VELA07     19.949300    18.449500    21.324400
0.23  VELA08     21.812200    20.488600    19.913200
0.23  VELA09     19.829500    19.171500    23.272100
0.23  VELA10     18.833500    21.012700    21.958300
0.23  VELA11     18.959800    19.692200    19.819700
0.23  VELA12     20.220200    19.820500    22.537700
0.23  VELA13     21.109200    20.390200    18.484700
0.23  VELA14     17.748300    19.828000    20.015700
0.23  VELA15     19.592800    18.983700    21.552300
0.23  VELA16     11.183400     9.554800    10.651700
0.23  VELA17     10.354200    11.052500     9.497200
0.23  VELA19     10.257200    10.316200     9.752000
0.23  VELA20      9.078600     8.986900     9.547900
0.23  VELA21      9.151200    10.076100    10.149100
0.23  VELA22     10.286400     9.150400    10.402400
0.23  VELA23     10.774000     9.167200     9.937500
0.23  VELA24     10.160300     8.916300     8.954400
0.23  VELA25     10.128500     9.940000     9.545500
0.23  VELA26      9.578100    10.352200     9.717300
0.23  VELA27     10.176300     9.910500     9.565300
0.23  VELA28     10.155700     9.883000     9.656800
0.23  VELA29     10.861400    10.605200    10.531100
0.23  VELA30      9.820800     9.815000    10.610900
0.23  VELA32      8.945000    10.960000     9.871200
0.23  VELA33     10.257000     9.941100    10.781500
0.23  VELA34      9.669300    10.242300     9.349800
0.24  VELA01      5.126400     5.040500     4.460000
0.24  VELA02      5.134000     5.252100     4.735300
0.24  VELA03      5.056900     5.035200     5.242900
0.24  VELA04      4.635200     4.986000     4.940600
0.24  VELA05      5.106900     4.792500     4.865900
0.24  VELA06     20.741800    19.516400    18.935900
0.24  VELA07     19.931600    18.490600    21.285900
0.24  VELA08     21.763400    20.472100    19.914400
0.24  VELA09     19.839300    19.204400    23.166500
0.24  VELA10     18.868500    20.973000    21.906500
0.24  VELA11     18.986000    19.701100    19.821200
0.24  VELA12     20.219800    19.829700    22.476500
0.24  VELA13     21.066300    20.370300    18.531000
0.24  VELA14     17.832600    19.808800    20.015700
0.24  VELA15     19.596200    19.015000    21.484300
0.24  VELA16     11.163900     9.564300    10.638900
0.24  VELA17     10.327000    11.007300     9.504300
0.24  VELA19     10.244800    10.297200     9.758700
0.24  VELA20      9.110600     9.031400     9.570400
0.24  VELA21      9.177200    10.065100    10.149500
0.24  VELA22     10.271800     9.174500    10.379100
0.24  VELA23     10.740200     9.209100     9.932700
0.24  VELA24     10.153200     8.975100     9.010000
0.24  VELA25     10.129800     9.950500     9.569600
0.24  VELA26      9.607600    10.323800     9.733400
0.24  VELA27     10.163200     9.920300     9.587800
0.24  VELA28     10.147100     9.868900     9.682100
0.24  VELA29     10.815000    10.564700    10.503300
0.24  VELA30      9.834000     9.809800    10.591500
0.24  VELA32      8.990300    10.915700     9.881600
0.24  VELA33     10.281000     9.941500    10.699400
0.24  VELA34      9.678600    10.227900     9.382600
0.25  VELA01      5.125900     5.041100     4.490900
0.25  VELA02      5.133900     5.235400     4.742800
0.25  VELA03      5.056600     5.030000     5.229700
0.25  VELA04      4.654600     4.977800     4.939400
0.25  VELA05      5.088800     4.807500     4.863800
0.25  VELA06     20.712300    19.538400    18.957600
0.25  VELA07     19.913700    18.545700    21.263300
0.25  VELA08     21.713400    20.459800    19.925800
0.25  VELA09     19.846900    19.236200    23.059900
0.25  VELA10     18.915100    20.930300    21.855000
0.25  VELA11     19.014800    19.709000    19.827300
0.25  VELA12     20.219500    19.837000    22.417400
0.25  VELA13     21.018900    20.347000    18.575300
0.25  VELA14     17.902200    19.782500    20.026900
0.25  VELA15     19.606800    19.043500    21.419800
0.25  VELA17     10.310900    10.983300     9.524700
0.25  VELA19     10.230100    10.276200     9.765500
0.25  VELA20      9.146000     9.072900     9.592200
0.25  VELA21      9.224500    10.060400    10.135700
0.25  VELA22     10.256700     9.203800    10.360500
0.25  VELA23     10.709200     9.245400     9.927900
0.25  VELA24     10.162900     9.030800     9.055100
0.25  VELA25     10.125800     9.956700     9.594400
0.25  VELA26      9.639700    10.305100     9.748100
0.25  VELA27     10.150400     9.926300     9.610900
0.25  VELA28     10.130400     9.864000     9.716300
0.25  VELA29     10.769300    10.522700    10.473900
0.25  VELA30      9.842300     9.809700    10.570200
0.25  VELA32      9.035300    10.875300     9.888200
0.25  VELA33     10.273700     9.931300    10.608700
0.25  VELA34      9.691700    10.206000     9.419500
0.26  VELA01      5.121300     5.031800     4.518300
0.26  VELA02      5.135600     5.221200     4.751400
0.26  VELA03      5.043200     5.027200     5.218100
0.26  VELA04      4.675900     4.970500     4.935500
0.26  VELA05      5.077900     4.821600     4.868900
0.26  VELA06     20.685800    19.562100    18.977000
0.26  VELA07     19.902100    18.590400    21.236100
0.26  VELA08     21.668500    20.442900    19.938600
0.26  VELA09     19.852300    19.268200    22.952600
0.26  VELA10     18.958300    20.890000    21.798100
0.26  VELA11     19.046200    19.720100    19.834700
0.26  VELA12     20.217500    19.845100    22.356600
0.26  VELA13     20.976000    20.319800    18.622200
0.26  VELA14     17.960200    19.771200    20.028300
0.26  VELA15     19.610600    19.062100    21.374800
0.26  VELA17     10.301500    10.962300     9.536000
0.26  VELA19     10.214700    10.254300     9.772300
0.26  VELA20      9.178800     9.110700     9.612200
0.26  VELA21      9.254600    10.059400    10.128700
0.26  VELA22     10.238800     9.234800    10.344500
0.26  VELA23     10.678700     9.280300     9.925200
0.26  VELA24     10.168200     9.085900     9.103100
0.26  VELA25     10.122500     9.967100     9.621700
0.26  VELA26      9.666500    10.282000     9.755200
0.26  VELA27     10.132700     9.930400     9.633500
0.26  VELA28     10.120500     9.873200     9.741300
0.26  VELA29     10.724200    10.479700    10.443100
0.26  VELA30      9.850600     9.808200    10.546100
0.26  VELA32      9.077400    10.838400     9.892400
0.26  VELA33     10.268900     9.921900    10.572100
0.26  VELA34      9.730500    10.189600     9.457600
0.27  VELA01      5.113700     5.020900     4.542900
0.27  VELA02      5.136800     5.202300     4.762700
0.27  VELA03      5.036000     5.028800     5.213700
0.27  VELA04      4.697000     4.963900     4.928500
0.27  VELA05      5.079000     4.829100     4.878800
0.27  VELA06     20.658600    19.587300    18.995000
0.27  VELA07     19.902600    18.623400    21.211200
0.27  VELA08     21.626500    20.422600    19.950100
0.27  VELA09     19.861800    19.304300    22.851800
0.27  VELA10     19.002400    20.851800    21.730800
0.27  VELA11     19.072700    19.728900    19.842200
0.27  VELA12     20.214900    19.851900    22.297500
0.27  VELA13     20.953300    20.299300    18.670000
0.27  VELA14     18.021200    19.777300    20.013800
0.27  VELA15     19.630700    19.094700    21.331300
0.27  VELA17     10.296400    10.941700     9.544400
0.27  VELA19     10.198600    10.230100     9.781200
0.27  VELA20      9.209900     9.149100     9.630900
0.27  VELA21      9.283800    10.057600    10.127400
0.27  VELA22     10.221700     9.264500    10.328700
0.27  VELA23     10.652500     9.315400     9.922300
0.27  VELA24     10.170200     9.139900     9.154500
0.27  VELA25     10.118700     9.976900     9.648000
0.27  VELA26      9.692700    10.257700     9.756900
0.27  VELA27     10.117500     9.931900     9.657800
0.27  VELA28     10.117800     9.885700     9.755100
0.27  VELA29     10.678600    10.434900    10.407100
0.27  VELA30      9.855200     9.806300    10.520000
0.27  VELA32      9.122700    10.798000     9.899400
0.27  VELA33     10.264200     9.909500    10.526100
0.27  VELA34      9.764500    10.198200     9.486700
0.28  VELA01      5.107700     5.018200     4.573400
0.28  VELA02      5.138300     5.180000     4.777300
0.28  VELA03      5.039200     5.033300     5.205200
0.28  VELA04      4.726900     4.953300     4.907800
0.28  VELA05      5.074300     4.832400     4.891200
0.28  VELA06     20.631000    19.615400    19.006300
0.28  VELA07     19.898100    18.662700    21.187000
0.28  VELA08     21.585500    20.404100    19.955400
0.28  VELA09     19.869900    19.339600    22.752900
0.28  VELA10     19.042300    20.816500    21.662400
0.28  VELA11     19.097400    19.738000    19.851000
0.28  VELA12     20.211800    19.857700    22.240000
0.28  VELA13     20.940100    20.286900    18.718200
0.28  VELA14     18.092100    19.777300    20.011100
0.28  VELA15     19.655400    19.139800    21.272700
0.28  VELA17     10.296600    10.926400     9.540400
0.28  VELA19     10.185500    10.197100     9.788000
0.28  VELA20      9.239700     9.188700     9.648400
0.28  VELA21      9.311500    10.056300    10.125500
0.28  VELA22     10.204600     9.294200    10.309400
0.28  VELA23     10.625200     9.352700     9.921900
0.28  VELA24     10.170600     9.188300     9.206800
0.28  VELA25     10.116600     9.987800     9.676700
0.28  VELA26      9.711800    10.231700     9.757800
0.28  VELA27     10.102900     9.934700     9.681800
0.28  VELA28     10.107300     9.902500     9.778200
0.28  VELA29     10.627900    10.383400    10.362000
0.28  VELA30      9.856100     9.802000    10.495800
0.28  VELA32      9.172700    10.758500     9.909000
0.28  VELA33     10.261900     9.892100    10.477800
0.28  VELA34      9.787400    10.185800     9.521900
0.29  VELA01      5.102600     5.012000     4.605900
0.29  VELA02      5.137200     5.156800     4.794200
0.29  VELA03      5.037800     5.029400     5.195900
0.29  VELA04      4.730500     4.961100     4.918100
0.29  VELA05      5.072100     4.837600     4.898200
0.29  VELA06     20.618600    19.641600    19.008700
0.29  VELA07     19.894800    18.708100    21.161400
0.29  VELA08     21.541500    20.378700    19.960000
0.29  VELA09     19.878900    19.375700    22.656400
0.29  VELA10     19.081800    20.778700    21.595800
0.29  VELA11     19.120600    19.745900    19.858600
0.29  VELA12     20.209200    19.863400    22.182200
0.29  VELA13     20.922300    20.281100    18.774600
0.29  VELA14     18.177100    19.791800    20.013800
0.29  VELA15     19.672300    19.173300    21.224700
0.29  VELA17     10.268900    10.917400     9.549700
0.29  VELA19     10.173900    10.175100     9.801600
0.29  VELA20      9.269800     9.229800     9.665600
0.29  VELA21      9.335600    10.055700    10.121900
0.29  VELA22     10.191700     9.325100    10.292100
0.29  VELA23     10.594200     9.393100     9.920900
0.29  VELA24     10.168700     9.241800     9.262900
0.29  VELA25     10.116500    10.001000     9.706000
0.29  VELA26      9.732500    10.209700     9.771100
0.29  VELA27     10.085800     9.940700     9.707400
0.29  VELA28     10.099600     9.921700     9.791100
0.29  VELA29     10.583000    10.353100    10.333700
0.29  VELA30      9.857800     9.794900    10.476000
0.29  VELA32      9.222800    10.715900     9.919900
0.29  VELA33     10.265400     9.874300    10.423300
0.29  VELA34      9.799000    10.165300     9.566100
0.30  VELA01      5.094900     5.005100     4.639700
0.30  VELA02      5.137400     5.140600     4.815600
0.30  VELA03      5.037000     5.025900     5.186100
0.30  VELA04      4.752400     4.959400     4.913700
0.30  VELA05      5.068500     4.838900     4.902500
0.30  VELA06     20.598600    19.642000    19.028700
0.30  VELA07     19.893100    18.751400    21.128100
0.30  VELA08     21.499000    20.352800    19.968000
0.30  VELA09     19.885600    19.408700    22.565800
0.30  VELA10     19.125800    20.741800    21.531200
0.30  VELA11     19.141400    19.754700    19.869100
0.30  VELA12     20.206600    19.869000    22.125000
0.30  VELA13     20.893700    20.280700    18.830700
0.30  VELA14     18.261300    19.805600    20.021900
0.30  VELA15     19.686600    19.206900    21.173400
0.30  VELA17     10.258000    10.886600     9.565200
0.30  VELA20      9.299600     9.271400     9.685200
0.30  VELA21      9.359400    10.056600    10.117000
0.30  VELA22     10.179700     9.356500    10.275500
0.30  VELA23     10.564500     9.436300     9.917500
0.30  VELA24     10.161400     9.298700     9.321900
0.30  VELA25     10.115400    10.013800     9.732000
0.30  VELA26      9.750300    10.188500     9.785200
0.30  VELA27     10.067600     9.948000     9.735600
0.30  VELA28     10.101400     9.928600     9.791900
0.30  VELA29     10.547800    10.314600    10.313600
0.30  VELA30      9.862300     9.787300    10.458100
0.30  VELA32      9.271300    10.673000     9.931700
0.30  VELA33     10.261300     9.876300    10.361700
0.30  VELA34      9.822900    10.146900     9.612400
0.31  VELA01      5.085500     4.999500     4.677100
0.31  VELA02      5.133900     5.134300     4.825000
0.31  VELA03      5.036100     5.024500     5.178100
0.31  VELA04      4.766600     4.964600     4.918000
0.31  VELA05      5.061900     4.847500     4.908500
0.31  VELA06     20.555200    19.648300    19.061700
0.31  VELA07     19.893400    18.800000    21.095600
0.31  VELA08     21.459900    20.322800    19.975100
0.31  VELA09     19.893800    19.446700    22.464900
0.31  VELA10     19.167700    20.703900    21.468600
0.31  VELA11     19.158300    19.760700    19.880100
0.31  VELA12     20.204400    19.875100    22.071400
0.31  VELA13     20.863300    20.275300    18.886200
0.31  VELA14     18.326800    19.798600    20.015100
0.31  VELA15     19.701600    19.237900    21.127400
0.31  VELA17     10.252000    10.856100     9.575600
0.31  VELA20      9.329600     9.311300     9.704500
0.31  VELA21      9.383800    10.057400    10.111000
0.31  VELA22     10.167400     9.380200    10.261500
0.31  VELA23     10.531900     9.479600     9.916500
0.31  VELA24     10.149500     9.358700     9.381900
0.31  VELA25     10.114600    10.019100     9.748400
0.31  VELA26      9.771000    10.170100     9.800000
0.31  VELA27     10.051300     9.958600     9.769200
0.31  VELA28     10.096900     9.931400     9.811500
0.31  VELA29     10.504100    10.282400    10.284700
0.31  VELA30      9.867600     9.782200    10.439900
0.31  VELA32      9.317000    10.626800     9.946100
0.31  VELA33     10.255700     9.866700    10.331200
0.31  VELA34      9.839300    10.134300     9.642300
0.32  VELA01      5.076900     4.991000     4.709100
0.32  VELA02      5.124700     5.128300     4.825900
0.32  VELA03      5.034700     5.026800     5.170600
0.32  VELA04      4.785100     4.963900     4.918700
0.32  VELA05      5.056900     4.859900     4.914300
0.32  VELA06     20.510100    19.657400    19.097400
0.32  VELA07     19.894300    18.840300    21.067700
0.32  VELA08     21.419700    20.283300    19.982300
0.32  VELA09     19.902300    19.484000    22.366900
0.32  VELA10     19.205100    20.669600    21.409600
0.32  VELA11     19.172600    19.767800    19.893600
0.32  VELA12     20.203700    19.881400    22.016800
0.32  VELA13     20.836100    20.267900    18.939300
0.32  VELA14     18.398500    19.786600    20.001300
0.32  VELA15     19.716400    19.268700    21.081800
0.32  VELA20      9.361000     9.351900     9.723500
0.32  VELA21      9.409600    10.058400    10.105200
0.32  VELA22     10.154300     9.403900    10.250400
0.32  VELA23     10.499300     9.523000     9.916700
0.32  VELA24     10.131400     9.419300     9.434800
0.32  VELA25     10.103400    10.013100     9.771100
0.32  VELA26      9.791900    10.154600     9.815800
0.32  VELA27     10.035400     9.966900     9.796200
0.32  VELA28     10.076800     9.939900     9.842600
0.32  VELA29     10.467700    10.263900    10.263500
0.32  VELA30      9.873200     9.778700    10.418500
0.32  VELA32      9.364400    10.575700     9.963600
0.32  VELA33     10.248600     9.857100    10.317000
0.32  VELA34      9.850400    10.122900     9.664200
0.33  VELA01      5.073300     4.992100     4.737200
0.33  VELA02      5.120700     5.120100     4.831000
0.33  VELA03      5.033200     5.032100     5.160400
0.33  VELA04      4.803600     4.960600     4.918600
0.33  VELA05      5.053300     4.869100     4.920000
0.33  VELA06     20.471900    19.673300    19.133600
0.33  VELA07     19.897400    18.874200    21.040600
0.33  VELA08     21.372800    20.229700    19.977000
0.33  VELA09     19.908800    19.521500    22.275200
0.33  VELA10     19.244500    20.636900    21.351500
0.33  VELA11     19.184600    19.768900    19.902600
0.33  VELA12     20.202900    19.887200    21.962200
0.33  VELA13     20.806700    20.262300    18.980400
0.33  VELA14     18.461800    19.783100    19.995700
0.33  VELA15     19.732900    19.301900    21.032300
0.33  VELA20      9.390500     9.393000     9.742800
0.33  VELA21      9.434000    10.061000    10.100100
0.33  VELA22     10.145200     9.422600    10.239700
0.33  VELA23     10.465800     9.566400     9.917500
0.33  VELA24     10.111300     9.473100     9.479700
0.33  VELA25     10.093400    10.007000     9.795000
0.33  VELA26      9.811400    10.141100     9.830200
0.33  VELA27     10.034600     9.967000     9.813400
0.33  VELA28     10.056600     9.948800     9.871500
0.33  VELA29     10.467700    10.263900    10.263500
0.33  VELA30      9.877800     9.774800    10.398100
0.33  VELA32      9.411300    10.523000     9.983900
0.33  VELA33     10.229700     9.865900    10.290800
0.33  VELA34      9.858300    10.115600     9.684600
0.34  VELA01      5.069500     5.001500     4.763400
0.34  VELA02      5.115200     5.114700     4.840000
0.34  VELA03      5.025800     5.039000     5.145900
0.34  VELA04      4.822900     4.955100     4.922700
0.34  VELA05      5.046400     4.877100     4.924200
0.34  VELA06     20.442600    19.694600    19.168700
0.34  VELA07     19.900800    18.906600    21.017200
0.34  VELA08     21.311000    20.180300    19.965500
0.34  VELA09     19.913800    19.561900    22.184100
0.34  VELA10     19.286400    20.605300    21.291500
0.34  VELA11     19.212000    19.780900    19.905600
0.34  VELA12     20.202400    19.893800    21.906000
0.34  VELA13     20.772600    20.251700    19.025200
0.34  VELA14     18.526500    19.786600    19.989400
0.34  VELA15     19.747600    19.331900    20.985600
0.34  VELA20      9.419600     9.435500     9.762700
0.34  VELA21      9.458200    10.063900    10.095200
0.34  VELA22     10.137500     9.442200    10.228200
0.34  VELA23     10.430000     9.609000     9.919900
0.34  VELA24     10.098600     9.515400     9.514800
0.34  VELA25     10.086000    10.001500     9.821400
0.34  VELA26      9.830300    10.130500     9.847200
0.34  VELA27     10.031900     9.967100     9.828400
0.34  VELA28     10.053300     9.952600     9.880000
0.34  VELA29     10.407200    10.226500    10.238200
0.34  VELA30      9.881600     9.772100    10.379100
0.34  VELA33     10.216100     9.872500    10.272500
0.34  VELA34      9.868800    10.109900     9.703900
0.35  VELA01      5.064600     5.014000     4.785100
0.35  VELA02      5.106600     5.108300     4.851000
0.35  VELA03      5.016300     5.036400     5.130700
0.35  VELA04      4.842200     4.957600     4.928900
0.35  VELA05      5.040200     4.886900     4.927500
0.35  VELA06     20.422700    19.712400    19.200400
0.35  VELA07     19.905800    18.942000    20.991200
0.35  VELA08     21.250800    20.157300    19.968200
0.35  VELA09     19.915200    19.584600    22.092900
0.35  VELA10     19.330300    20.573400    21.228800
0.35  VELA11     19.236400    19.786600    19.908400
0.35  VELA12     20.202400    19.900300    21.852000
0.35  VELA13     20.741500    20.241900    19.071800
0.35  VELA14     18.581000    19.788500    19.984400
0.35  VELA15     19.763600    19.364100    20.937100
0.35  VELA20      9.451800     9.483200     9.783900
0.35  VELA21      9.481800    10.065100    10.091600
0.35  VELA22     10.129400     9.463200    10.217100
0.35  VELA23     10.392500     9.652600     9.923000
0.35  VELA24     10.091900     9.554300     9.556300
0.35  VELA25     10.078800     9.997800     9.850500
0.35  VELA26      9.848600    10.124300     9.863700
0.35  VELA27     10.024400     9.968200     9.845600
0.35  VELA28     10.045600     9.958600     9.887300
0.35  VELA29     10.370800    10.207100    10.219100
0.35  VELA33     10.203000     9.881600    10.251400
0.35  VELA34      9.876400    10.105500     9.731800
0.36  VELA01      5.057200     5.027300     4.802100
0.36  VELA02      5.098900     5.100000     4.864200
0.36  VELA03      5.014400     5.037600     5.118500
0.36  VELA04      4.858100     4.957300     4.933200
0.36  VELA05      5.035700     4.897600     4.931200
0.36  VELA06     20.404700    19.722200    19.228800
0.36  VELA07     19.909800    18.976200    20.965900
0.36  VELA08     21.199000    20.155400    19.983000
0.36  VELA09     19.916500    19.600900    21.990200
0.36  VELA10     19.373100    20.543200    21.166700
0.36  VELA11     19.260800    19.793100    19.912000
0.36  VELA12     20.203000    19.905500    21.794600
0.36  VELA13     20.708400    20.233200    19.123500
0.36  VELA14     18.626700    19.794700    19.984500
0.36  VELA15     19.779000    19.396000    20.889500
0.36  VELA20      9.492600     9.528700     9.805000
0.36  VELA21      9.507200    10.064100    10.087300
0.36  VELA22     10.120200     9.485700    10.206400
0.36  VELA23     10.348600     9.695200     9.928200
0.36  VELA24     10.086500     9.599500     9.605700
0.36  VELA25     10.065100     9.993300     9.885000
0.36  VELA26      9.865500    10.121200     9.875500
0.36  VELA27     10.016200     9.968500     9.862500
0.36  VELA28     10.036500     9.965500     9.900000
0.36  VELA29     10.339700    10.187700    10.205600
0.36  VELA33     10.187600     9.896200    10.226200
0.37  VELA01      5.050500     5.045400     4.817200
0.37  VELA02      5.093900     5.089700     4.878500
0.37  VELA03      5.014100     5.037500     5.110000
0.37  VELA04      4.871900     4.956900     4.937200
0.37  VELA05      5.030900     4.909400     4.933000
0.37  VELA06     20.382300    19.743300    19.258200
0.37  VELA07     19.916900    19.016100    20.938200
0.37  VELA08     21.160200    20.150800    19.990400
0.37  VELA09     19.918700    19.615300    21.883200
0.37  VELA10     19.418500    20.512000    21.100700
0.37  VELA11     19.287300    19.801100    19.916700
0.37  VELA12     20.201400    19.909800    21.735300
0.37  VELA13     20.677100    20.225100    19.170700
0.37  VELA15     19.794100    19.428000    20.840400
0.37  VELA20      9.528700     9.567800     9.825300
0.37  VELA21      9.531300    10.062700    10.082000
0.37  VELA22     10.111200     9.507900    10.195800
0.37  VELA23     10.303300     9.735200     9.933500
0.37  VELA24     10.072700     9.652200     9.656300
0.37  VELA25     10.046100     9.989400     9.904600
0.37  VELA26      9.880700    10.112300     9.882100
0.37  VELA27     10.010100     9.967600     9.880600
0.37  VELA28     10.026400     9.971700     9.916600
0.37  VELA29     10.306500    10.166600    10.190300
0.37  VELA33     10.170000     9.914000    10.197500
0.38  VELA01      5.057200     5.067100     4.842600
0.38  VELA02      5.089200     5.077000     4.895000
0.38  VELA03      5.009800     5.037500     5.101300
0.38  VELA04      4.887800     4.956800     4.941700
0.38  VELA05      5.026900     4.922600     4.932700
0.38  VELA07     19.927100    19.055100    20.912900
0.38  VELA08     21.114800    20.141900    19.980300
0.38  VELA09     19.921700    19.627300    21.777500
0.38  VELA10     19.464200    20.481900    21.032400
0.38  VELA11     19.314800    19.808700    19.921600
0.38  VELA12     20.197700    19.913900    21.680900
0.38  VELA13     20.644800    20.222200    19.216000
0.38  VELA15     19.813800    19.457800    20.790000
0.38  VELA20      9.564400     9.606500     9.846100
0.38  VELA21      9.556600    10.061600    10.075200
0.38  VELA22     10.101900     9.532600    10.183900
0.38  VELA23     10.256700     9.772900     9.939900
0.38  VELA24     10.059400     9.690400     9.696000
0.38  VELA25     10.036800     9.990000     9.918700
0.38  VELA26      9.893800    10.099400     9.889000
0.38  VELA27     10.007100     9.966400     9.896000
0.38  VELA28     10.015900     9.977700     9.934500
0.38  VELA29     10.273000    10.144100    10.175900
0.38  VELA33     10.147900     9.939600    10.163200
0.39  VELA01      5.066700     5.054900     4.867700
0.39  VELA02      5.087800     5.063400     4.913600
0.39  VELA03      5.005900     5.034900     5.092200
0.39  VELA04      4.900800     4.952900     4.943100
0.39  VELA05      5.020600     4.939800     4.926900
0.39  VELA07     19.935300    19.091200    20.879400
0.39  VELA08     21.061300    20.129800    19.972600
0.39  VELA09     19.926100    19.630000    21.657200
0.39  VELA10     19.512600    20.444300    20.958300
0.39  VELA11     19.339300    19.815600    19.925400
0.39  VELA12     20.192600    19.917700    21.626000
0.39  VELA13     20.603500    20.212400    19.259700
0.39  VELA15     19.830600    19.485900    20.745700
0.39  VELA20      9.601000     9.655400     9.860400
0.39  VELA21      9.584300    10.059800    10.067100
0.39  VELA22     10.093600     9.556000    10.172600
0.39  VELA23     10.209700     9.807800     9.946200
0.39  VELA24     10.051600     9.732100     9.743600
0.39  VELA25     10.030700     9.990400     9.931600
0.39  VELA26      9.907200    10.084600     9.897300
0.39  VELA27     10.004800     9.965200     9.909900
0.39  VELA28     10.006000     9.982500     9.952200
0.39  VELA29     10.237200    10.121600    10.159800
0.39  VELA33     10.135300     9.945200    10.151500
0.40  VELA01      5.054200     5.043100     4.877900
0.40  VELA02      5.094400     5.047800     4.935700
0.40  VELA03      5.003700     5.033200     5.082500
0.40  VELA04      4.910800     4.951000     4.945700
0.40  VELA05      5.005000     4.951900     4.925600
0.40  VELA07     19.942700    19.119400    20.843700
0.40  VELA08     21.019500    20.118600    19.968500
0.40  VELA09     19.930100    19.636200    21.589700
0.40  VELA10     19.556100    20.399200    20.886800
0.40  VELA11     19.364200    19.822300    19.927900
0.40  VELA12     20.186200    19.921800    21.568900
0.40  VELA13     20.569800    20.201000    19.294900
0.40  VELA15     19.847300    19.516700    20.702900
0.40  VELA20      9.617900     9.691800     9.865200
0.40  VELA21      9.609700    10.058200    10.058700
0.40  VELA22     10.085600     9.580200    10.161000
0.40  VELA23     10.159400     9.840500     9.952600
0.40  VELA24     10.044800     9.768900     9.794100
0.40  VELA25     10.024400     9.992300     9.946800
0.40  VELA26      9.921000    10.068400     9.906900
0.40  VELA27     10.002600     9.964600     9.924100
0.40  VELA28      9.997000     9.987700     9.968100
0.40  VELA29     10.199200    10.096300    10.144000
0.41  VELA01      5.038500     5.034100     4.876600
0.41  VELA02      5.092400     5.041200     4.950100
0.41  VELA03      5.003700     5.030500     5.074300
0.41  VELA04      4.921800     4.953200     4.951300
0.41  VELA05      4.999100     4.951700     4.930800
0.41  VELA07     19.945400    19.139600    20.815700
0.41  VELA08     20.968200    20.109200    19.960400
0.41  VELA10     19.593100    20.362100    20.824800
0.41  VELA11     19.392000    19.829500    19.929500
0.41  VELA15     19.862400    19.546500    20.661900
0.41  VELA20      9.649300     9.719100     9.879500
0.41  VELA21      9.635800    10.056100    10.050400
0.41  VELA22     10.077600     9.604200    10.148500
0.41  VELA23     10.109300     9.866900     9.957900
0.41  VELA24     10.039500     9.813800     9.851200
0.41  VELA25     10.019500     9.992800     9.960300
0.41  VELA26      9.934300    10.055500     9.917600
0.41  VELA27     10.000700     9.965300     9.935200
0.41  VELA28      9.988100     9.992100     9.985400
0.41  VELA29     10.158900    10.068200    10.126300
0.42  VELA01      5.033600     5.028300     4.883900
0.42  VELA02      5.079100     5.041000     4.956700
0.42  VELA03      5.004700     5.027600     5.067100
0.42  VELA04      4.934800     4.957100     4.957100
0.42  VELA05      4.999600     4.949300     4.940100
0.42  VELA07     19.946600    19.164000    20.792900
0.42  VELA08     20.916200    20.104900    19.955700
0.42  VELA10     19.627200    20.329700    20.765200
0.42  VELA11     19.418800    19.836400    19.929900
0.42  VELA15     19.877600    19.577300    20.621000
0.42  VELA20      9.675500     9.745000     9.890300
0.42  VELA21      9.661400    10.053100    10.041500
0.42  VELA22     10.069800     9.626200    10.136100
0.42  VELA23     10.065000     9.883000     9.959300
0.42  VELA24     10.031200     9.863400     9.901800
0.42  VELA25     10.015100     9.993500     9.973200
0.42  VELA26      9.946600    10.042100     9.924900
0.42  VELA27      9.998000     9.965100     9.948600
0.42  VELA28      9.979400     9.996700    10.002200
0.42  VELA29     10.113300    10.036800    10.099300
0.43  VELA01      5.028500     5.021700     4.889700
0.43  VELA02      5.053800     5.040500     4.957500
0.43  VELA03      5.007400     5.023700     5.061400
0.43  VELA04      4.946800     4.960600     4.961800
0.43  VELA05      4.995300     4.952500     4.947500
0.43  VELA07     19.950200    19.193800    20.769000
0.43  VELA08     20.863500    20.108500    19.953300
0.43  VELA10     19.661800    20.305100    20.706700
0.43  VELA11     19.446500    19.842500    19.931100
0.43  VELA15     19.892100    19.610900    20.577800
0.43  VELA20      9.705300     9.771100     9.902700
0.43  VELA21      9.683200    10.049200    10.033400
0.43  VELA22     10.062800     9.647200    10.124400
0.43  VELA23     10.037600     9.909800     9.954200
0.43  VELA24     10.022500     9.909800     9.949400
0.43  VELA25     10.010000     9.994800     9.985300
0.43  VELA26      9.958600    10.028000     9.932900
0.43  VELA27      9.994500     9.964700     9.961600
0.43  VELA28      9.970700    10.000400    10.017900
0.43  VELA29     10.072900    10.015300    10.067300
0.44  VELA01      5.022700     5.016200     4.896600
0.44  VELA02      5.036100     5.029500     4.954700
0.44  VELA03      5.013600     5.017800     5.057400
0.44  VELA04      4.958900     4.963500     4.964300
0.44  VELA05      4.989900     4.956800     4.953900
0.44  VELA07     19.954700    19.221400    20.742700
0.44  VELA08     20.816500    20.112300    19.953200
0.44  VELA10     19.690900    20.290300    20.663000
0.44  VELA11     19.473400    19.848900    19.932200
0.44  VELA15     19.903700    19.642800    20.535000
0.44  VELA20      9.734600     9.797400     9.915800
0.44  VELA21      9.702700    10.044900    10.026300
0.44  VELA22     10.055800     9.669100    10.112300
0.44  VELA23     10.006200     9.950800     9.952400
0.44  VELA24     10.013100     9.957100     9.997500
0.44  VELA25     10.003900     9.995900     9.999000
0.44  VELA26      9.970200    10.016700     9.940500
0.44  VELA27      9.990700     9.964200     9.974600
0.44  VELA28      9.962200    10.005100    10.036500
0.44  VELA29     10.038100    10.001600    10.041400
0.45  VELA01      5.017900     5.012000     4.903600
0.45  VELA02      5.026800     5.020300     4.955600
0.45  VELA03      5.019700     5.012200     5.056600
0.45  VELA04      4.970300     4.964600     4.965500
0.45  VELA05      4.984600     4.960500     4.960800
0.45  VELA07     19.956700    19.243800    20.719900
0.45  VELA08     20.763700    20.116500    19.955500
0.45  VELA10     19.718000    20.276800    20.624200
0.45  VELA11     19.500900    19.855200    19.933600
0.45  VELA15     19.914900    19.674000    20.491000
0.45  VELA21      9.722500    10.038700    10.019500
0.45  VELA22     10.048100     9.691200    10.100500
0.45  VELA23      9.960400     9.994700     9.954000
0.45  VELA24     10.002900    10.002300    10.044500
0.45  VELA25      9.998500     9.997700    10.012400
0.45  VELA26      9.982300    10.004200     9.946100
0.45  VELA27      9.986200     9.963300     9.986700
0.45  VELA28      9.954300    10.011600    10.054500
0.45  VELA29     10.006200     9.992200    10.018900
0.46  VELA01      5.014900     5.007700     4.913100
0.46  VELA02      5.021400     5.013500     4.961700
0.46  VELA03      5.020200     5.000900     5.051300
0.46  VELA04      4.979300     4.964400     4.965200
0.46  VELA05      4.978800     4.965100     4.966100
0.46  VELA07     19.960700    19.267400    20.692600
0.46  VELA08     20.716300    20.119500    19.961700
0.46  VELA10     19.741900    20.263100    20.585900
0.46  VELA11     19.528100    19.861800    19.935500
0.46  VELA15     19.925300    19.701200    20.449800
0.46  VELA21      9.741300    10.032700    10.012500
0.46  VELA22     10.039700     9.711900    10.088900
0.46  VELA23      9.926400    10.039500     9.950900
0.46  VELA24      9.992800    10.047800    10.091800
0.46  VELA25      9.993200     9.999200    10.026100
0.46  VELA26      9.995700     9.990800     9.954700
0.46  VELA27      9.981700     9.963200     9.999100
0.46  VELA28      9.946100    10.016400    10.071900
0.46  VELA29      9.979100     9.986500    10.000000
0.47  VELA01      5.011100     5.003400     4.921200
0.47  VELA02      5.019400     5.009800     4.969300
0.47  VELA03      5.017000     4.994000     5.045200
0.47  VELA04      4.987600     4.963800     4.966000
0.47  VELA05      4.974000     4.969100     4.972300
0.47  VELA07     19.963500    19.288700    20.670800
0.47  VELA08     20.666000    20.121900    19.970900
0.47  VELA10     19.763000    20.248600    20.543500
0.47  VELA15     19.936000    19.729900    20.404900
0.47  VELA21      9.760000    10.026700    10.006400
0.47  VELA22     10.029100     9.731900    10.075800
0.47  VELA23      9.891500    10.084200     9.934600
0.47  VELA24      9.983100    10.092900    10.139000
0.47  VELA25      9.987800    10.000700    10.039900
0.47  VELA26     10.008400     9.979800     9.964600
0.47  VELA27      9.976400     9.962100    10.011200
0.47  VELA28      9.937900    10.021300    10.087900
0.47  VELA29      9.952300     9.970500     9.987600
0.48  VELA01      5.007900     4.998200     4.930800
0.48  VELA02      5.016900     5.004600     4.977900
0.48  VELA03      5.013700     4.989200     5.037300
0.48  VELA04      4.996100     4.963100     4.967200
0.48  VELA05      4.969500     4.973000     4.977600
0.48  VELA07     19.967300    19.310600    20.650800
0.48  VELA08     20.615700    20.122500    19.984300
0.48  VELA10     19.780700    20.232900    20.499300
0.48  VELA15     19.946800    19.754100    20.359500
0.48  VELA21      9.776500    10.021200     9.999800
0.48  VELA22     10.016600     9.744400    10.063700
0.48  VELA23      9.863600    10.113000     9.927100
0.48  VELA24      9.973000    10.139400    10.187800
0.48  VELA25      9.982600    10.002200    10.054100
0.48  VELA26     10.021100     9.968900     9.974400
0.48  VELA27      9.971400     9.961200    10.023600
0.48  VELA28      9.929800    10.026000    10.103700
0.48  VELA29      9.919500     9.962900     9.959700
0.49  VELA01      5.005100     4.993200     4.939800
0.49  VELA02      5.013700     4.997900     4.987200
0.49  VELA03      5.010700     4.986000     5.029200
0.49  VELA04      5.004300     4.962900     4.968800
0.49  VELA05      4.964400     4.977100     4.983500
0.49  VELA07     19.972000    19.330300    20.629700
0.49  VELA08     20.566800    20.123000    19.999600
0.49  VELA10     19.795200    20.217500    20.458700
0.49  VELA15     19.959400    19.780400    20.313500
0.49  VELA21      9.792800    10.016700     9.993300
0.49  VELA22     10.011500     9.759700    10.054900
0.49  VELA23      9.835700    10.137700     9.928700
0.49  VELA25      9.976800    10.003900    10.068200
0.49  VELA26     10.032500     9.958700     9.982700
0.49  VELA27      9.966200     9.960200    10.035100
0.49  VELA28      9.921800    10.031000    10.121000
0.49  VELA29      9.888800     9.949700     9.941300
0.50  VELA01      5.003300     4.987000     4.948800
0.50  VELA02      5.010100     4.992400     4.996100
0.50  VELA03      5.007100     4.983700     5.020300
0.50  VELA04      5.012100     4.962800     4.971300
0.50  VELA05      4.958600     4.980900     4.988900
0.50  VELA07     19.975000    19.346700    20.612500
0.50  VELA08     20.519200    20.126200    20.014700
0.50  VELA10     19.808100    20.201000    20.419100
0.50  VELA15     19.971000    19.804200    20.274000
0.50  VELA21      9.808200    10.012600     9.986400
0.50  VELA22     10.004800     9.775900    10.044900
0.50  VELA23      9.807700    10.163400     9.924100
0.50  VELA25      9.971300    10.004800    10.081300
0.50  VELA26     10.044800     9.948600     9.992500
0.50  VELA27      9.960900     9.959100    10.046100
0.50  VELA28      9.913900    10.036700    10.137900
0.50  VELA29      9.856300     9.938300     9.922000
0.51  VELA07     19.978200    19.361200    20.594800
0.51  VELA08     20.470200    20.134000    20.028200
0.51  VELA10     19.820100    20.182600    20.382200
0.51  VELA15     19.983800    19.829800    20.229800
0.52  VELA07     19.981000    19.378300    20.578000
0.52  VELA08     20.423200    20.144500    20.024000
0.52  VELA10     19.830100    20.164300    20.350300
0.52  VELA15     19.995900    19.852400    20.191100
0.53  VELA07     19.984500    19.396800    20.559800
0.53  VELA08     20.381400    20.133300    20.009600
0.53  VELA10     19.841900    20.143600    20.316900
0.53  VELA15     20.008600    19.876100    20.155400
0.54  VELA07     19.988900    19.415500    20.541800
0.54  VELA08     20.340200    20.116200    20.008100
0.54  VELA10     19.853400    20.123900    20.287500
0.54  VELA15     20.022300    19.901500    20.117200
0.55  VELA08     20.299000    20.100200    20.016700
0.55  VELA10     19.865600    20.102800    20.258700
0.55  VELA15     20.034600    19.924100    20.082700
0.56  VELA08     20.263500    20.093100    20.023500
0.56  VELA10     19.878200    20.079900    20.230400
0.56  VELA15     20.046900    19.947500    20.047900
