0.18  VELA01  5.17  5.078  4.32
0.19  VELA01  5.164  5.077  4.341
0.20  VELA01  5.157  5.068  4.361
0.21  VELA01  5.148  5.055  4.38
0.22  VELA01  5.139  5.049  4.405
0.23  VELA01  5.13  5.046  4.432
0.24  VELA01  5.13  5.055  4.466
0.25  VELA01  5.127  5.054  4.497
0.26  VELA01  5.122  5.05  4.526
0.27  VELA01  5.116  5.038  4.552
0.28  VELA01  5.107  5.029  4.579
0.29  VELA01  5.099  5.024  4.61
0.30  VELA01  5.092  5.018  4.643
0.31  VELA01  5.084  5.008  4.676
0.32  VELA01  5.076  4.999  4.708
0.33  VELA01  5.074  4.998  4.743
0.34  VELA01  5.073  5.002  4.774
0.35  VELA01  5.069  5.012  4.799
0.36  VELA01  5.064  5.029  4.822
0.37  VELA01  5.06  5.051  4.842
0.38  VELA01  5.069  5.065  4.858
0.39  VELA01  5.056  5.064  4.872
0.40  VELA01  5.037  5.04  4.874
0.41  VELA01  5.035  5.034  4.887
0.42  VELA01  5.031  5.027  4.898
0.43  VELA01  5.028  5.023  4.909
0.44  VELA01  5.022  5.015  4.916
0.45  VELA01  5.016  5.009  4.927
0.46  VELA01  5.015  5.003  4.941
0.47  VELA01  5.009  4.997  4.95
0.48  VELA01  5.002  4.992  4.96
0.49  VELA01  4.999  4.986  4.972
0.50  VELA01  4.998  4.981  4.983
0.17  VELA02  5.135  5.334  4.713
0.18  VELA02  5.133  5.311  4.727
0.19  VELA02  5.143  5.302  4.728
0.20  VELA02  5.15  5.297  4.725
0.21  VELA02  5.149  5.284  4.726
0.22  VELA02  5.15  5.275  4.727
0.23  VELA02  5.146  5.262  4.731
0.24  VELA02  5.136  5.244  4.738
0.25  VELA02  5.137  5.229  4.745
0.26  VELA02  5.138  5.212  4.757
0.27  VELA02  5.141  5.193  4.771
0.28  VELA02  5.139  5.171  4.786
0.29  VELA02  5.136  5.145  4.804
0.30  VELA02  5.138  5.13  4.823
0.31  VELA02  5.135  5.127  4.831
0.32  VELA02  5.125  5.126  4.83
0.33  VELA02  5.116  5.117  4.834
0.34  VELA02  5.111  5.109  4.848
0.35  VELA02  5.104  5.101  4.862
0.36  VELA02  5.094  5.092  4.875
0.37  VELA02  5.092  5.079  4.891
0.38  VELA02  5.088  5.065  4.906
0.39  VELA02  5.092  5.05  4.927
0.40  VELA02  5.09  5.048  4.946
0.41  VELA02  5.07  5.048  4.953
0.42  VELA02  5.055  5.044  4.962
0.43  VELA02  5.042  5.035  4.964
0.44  VELA02  5.029  5.025  4.962
0.45  VELA02  5.02  5.015  4.964
0.46  VELA02  5.016  5.007  4.97
0.47  VELA02  5.013  5.002  4.979
0.48  VELA02  5.008  4.995  4.987
0.49  VELA02  5.004  4.989  4.995
0.50  VELA02  5.0  4.984  5.005
0.20  VELA03  5.002  5.054  5.247
0.21  VELA03  5.008  5.049  5.237
0.22  VELA03  5.014  5.04  5.237
0.23  VELA03  5.03  5.035  5.243
0.24  VELA03  5.056  5.032  5.243
0.25  VELA03  5.058  5.025  5.226
0.26  VELA03  5.06  5.028  5.222
0.27  VELA03  5.045  5.029  5.211
0.28  VELA03  5.039  5.029  5.201
0.29  VELA03  5.036  5.026  5.191
0.30  VELA03  5.031  5.022  5.179
0.31  VELA03  5.026  5.02  5.169
0.32  VELA03  5.025  5.02  5.161
0.33  VELA03  5.024  5.026  5.151
0.34  VELA03  5.012  5.033  5.131
0.35  VELA03  5.006  5.036  5.115
0.36  VELA03  4.999  5.038  5.104
0.37  VELA03  4.997  5.036  5.095
0.38  VELA03  4.996  5.035  5.087
0.39  VELA03  4.994  5.039  5.079
0.40  VELA03  4.991  5.038  5.071
0.41  VELA03  4.99  5.036  5.061
0.42  VELA03  4.99  5.034  5.053
0.43  VELA03  4.993  5.031  5.046
0.44  VELA03  4.998  5.026  5.04
0.45  VELA03  5.006  5.021  5.038
0.46  VELA03  5.011  5.015  5.039
0.47  VELA03  5.009  5.004  5.033
0.48  VELA03  5.002  4.995  5.026
0.49  VELA03  4.997  4.99  5.018
0.50  VELA03  4.994  4.986  5.009
0.15  VELA04  4.489  5.024  4.923
0.16  VELA04  4.508  5.027  4.929
0.17  VELA04  4.527  5.028  4.935
0.18  VELA04  4.543  5.023  4.937
0.19  VELA04  4.559  5.016  4.937
0.20  VELA04  4.573  5.008  4.937
0.21  VELA04  4.588  5.004  4.94
0.22  VELA04  4.603  5.001  4.941
0.23  VELA04  4.621  4.997  4.941
0.24  VELA04  4.638  4.991  4.94
0.25  VELA04  4.658  4.984  4.939
0.26  VELA04  4.68  4.976  4.935
0.27  VELA04  4.703  4.969  4.928
0.28  VELA04  4.727  4.963  4.916
0.29  VELA04  4.747  4.957  4.908
0.30  VELA04  4.752  4.969  4.919
0.31  VELA04  4.77  4.97  4.918
0.32  VELA04  4.79  4.969  4.919
0.33  VELA04  4.808  4.966  4.921
0.34  VELA04  4.829  4.96  4.923
0.35  VELA04  4.846  4.964  4.93
0.36  VELA04  4.86  4.965  4.938
0.37  VELA04  4.875  4.964  4.942
0.38  VELA04  4.892  4.965  4.946
0.39  VELA04  4.908  4.964  4.949
0.40  VELA04  4.918  4.962  4.952
0.41  VELA04  4.929  4.963  4.957
0.42  VELA04  4.941  4.967  4.964
0.43  VELA04  4.955  4.969  4.968
0.44  VELA04  4.968  4.969  4.969
0.45  VELA04  4.98  4.971  4.969
0.46  VELA04  4.991  4.971  4.97
0.47  VELA04  5.0  4.971  4.971
0.48  VELA04  5.009  4.971  4.973
0.49  VELA04  5.019  4.97  4.974
0.50  VELA04  5.028  4.969  4.976
0.17  VELA05  5.166  4.745  4.87
0.18  VELA05  5.164  4.748  4.872
0.19  VELA05  5.156  4.751  4.88
0.20  VELA05  5.149  4.756  4.886
0.21  VELA05  5.141  4.763  4.886
0.22  VELA05  5.131  4.771  4.876
0.23  VELA05  5.116  4.779  4.87
0.24  VELA05  5.102  4.79  4.865
0.25  VELA05  5.082  4.808  4.866
0.26  VELA05  5.074  4.818  4.873
0.27  VELA05  5.076  4.827  4.888
0.28  VELA05  5.071  4.828  4.899
0.29  VELA05  5.071  4.838  4.907
0.30  VELA05  5.066  4.841  4.916
0.31  VELA05  5.059  4.841  4.923
0.32  VELA05  5.053  4.85  4.929
0.33  VELA05  5.045  4.858  4.934
0.34  VELA05  5.04  4.868  4.939
0.35  VELA05  5.034  4.874  4.942
0.36  VELA05  5.029  4.884  4.946
0.37  VELA05  5.024  4.895  4.949
0.38  VELA05  5.018  4.907  4.95
0.39  VELA05  5.013  4.921  4.949
0.40  VELA05  5.009  4.939  4.946
0.41  VELA05  4.993  4.954  4.94
0.42  VELA05  4.983  4.962  4.944
0.43  VELA05  4.979  4.965  4.95
0.44  VELA05  4.975  4.964  4.959
0.45  VELA05  4.974  4.959  4.97
0.46  VELA05  4.97  4.965  4.977
0.47  VELA05  4.963  4.973  4.983
0.48  VELA05  4.959  4.976  4.99
0.49  VELA05  4.954  4.98  4.994
0.50  VELA05  4.949  4.987  4.999
0.11  VELA06  21.16  19.292  18.5
0.12  VELA06  21.124  19.315  18.547
0.13  VELA06  21.079  19.323  18.593
0.14  VELA06  21.035  19.343  18.638
0.15  VELA06  20.993  19.356  18.682
0.16  VELA06  20.956  19.362  18.729
0.17  VELA06  20.928  19.372  18.776
0.18  VELA06  20.902  19.394  18.795
0.19  VELA06  20.873  19.421  18.814
0.20  VELA06  20.848  19.44  18.853
0.21  VELA06  20.813  19.456  18.886
0.22  VELA06  20.782  19.482  18.908
0.23  VELA06  20.752  19.507  18.932
0.24  VELA06  20.718  19.531  18.959
0.25  VELA06  20.683  19.554  18.985
0.26  VELA06  20.649  19.577  19.009
0.27  VELA06  20.615  19.602  19.028
0.28  VELA06  20.586  19.628  19.041
0.29  VELA06  20.561  19.651  19.048
0.30  VELA06  20.549  19.669  19.057
0.31  VELA06  20.522  19.667  19.087
0.32  VELA06  20.468  19.673  19.131
0.33  VELA06  20.409  19.706  19.184
0.34  VELA06  20.382  19.723  19.229
0.35  VELA06  20.364  19.742  19.27
0.36  VELA06  20.354  19.761  19.297
0.37  VELA06  20.338  19.773  19.318
0.38  VELA06  20.316  19.788  19.343
0.39  VELA06  20.289  19.805  19.372
0.40  VELA06  20.27  19.817  19.399
0.41  VELA06  20.241  19.829  19.427
0.42  VELA06  20.216  19.848  19.464
0.43  VELA06  20.203  19.866  19.498
0.44  VELA06  20.189  19.884  19.531
0.45  VELA06  20.174  19.895  19.566
0.46  VELA06  20.156  19.901  19.6
0.47  VELA06  20.131  19.904  19.636
0.48  VELA06  20.116  19.898  19.669
0.49  VELA06  20.105  19.893  19.696
0.50  VELA06  20.102  19.896  19.705
0.51  VELA06  20.08  19.923  19.706
0.52  VELA06  20.05  19.94  19.726
0.53  VELA06  20.022  19.95  19.763
0.54  VELA06  20.003  19.959  19.814
0.55  VELA06  19.991  19.968  19.847
0.56  VELA06  19.972  19.983  19.877
0.10  VELA07  20.764  17.647  21.919
0.11  VELA07  20.707  17.708  21.865
0.12  VELA07  20.662  17.758  21.815
0.13  VELA07  20.618  17.803  21.763
0.14  VELA07  20.562  17.857  21.71
0.15  VELA07  20.516  17.916  21.659
0.16  VELA07  20.447  17.987  21.615
0.17  VELA07  20.362  18.06  21.575
0.18  VELA07  20.283  18.133  21.533
0.19  VELA07  20.192  18.205  21.505
0.20  VELA07  20.117  18.269  21.475
0.21  VELA07  20.053  18.329  21.425
0.22  VELA07  19.978  18.403  21.371
0.23  VELA07  19.934  18.471  21.308
0.24  VELA07  19.919  18.512  21.268
0.25  VELA07  19.901  18.578  21.243
0.26  VELA07  19.892  18.625  21.211
0.27  VELA07  19.889  18.662  21.182
0.28  VELA07  19.89  18.707  21.151
0.29  VELA07  19.889  18.761  21.114
0.30  VELA07  19.887  18.819  21.075
0.31  VELA07  19.882  18.871  21.034
0.32  VELA07  19.88  18.921  20.998
0.33  VELA07  19.882  18.969  20.959
0.34  VELA07  19.885  19.012  20.922
0.35  VELA07  19.894  19.057  20.887
0.36  VELA07  19.905  19.098  20.851
0.37  VELA07  19.917  19.139  20.821
0.38  VELA07  19.929  19.174  20.791
0.39  VELA07  19.937  19.213  20.755
0.40  VELA07  19.944  19.251  20.72
0.41  VELA07  19.945  19.291  20.684
0.42  VELA07  19.945  19.33  20.65
0.43  VELA07  19.948  19.364  20.619
0.44  VELA07  19.949  19.401  20.586
0.45  VELA07  19.951  19.436  20.552
0.46  VELA07  19.955  19.471  20.519
0.47  VELA07  19.961  19.504  20.484
0.48  VELA07  19.967  19.535  20.45
0.49  VELA07  19.969  19.564  20.416
0.50  VELA07  19.975  19.59  20.384
0.51  VELA07  19.98  19.618  20.352
0.52  VELA07  19.983  19.644  20.322
0.53  VELA07  19.987  19.671  20.293
0.54  VELA07  19.992  19.698  20.265
0.55  VELA07  19.998  19.725  20.237
0.56  VELA07  20.004  19.752  20.21
0.14  VELA08  22.189  20.623  19.828
0.15  VELA08  22.152  20.607  19.841
0.16  VELA08  22.114  20.592  19.866
0.17  VELA08  22.065  20.576  19.877
0.18  VELA08  22.021  20.564  19.879
0.19  VELA08  21.982  20.545  19.895
0.20  VELA08  21.941  20.528  19.907
0.21  VELA08  21.9  20.515  19.913
0.22  VELA08  21.854  20.502  19.912
0.23  VELA08  21.808  20.49  19.914
0.24  VELA08  21.76  20.474  19.919
0.25  VELA08  21.709  20.462  19.931
0.26  VELA08  21.665  20.446  19.941
0.27  VELA08  21.622  20.425  19.956
0.28  VELA08  21.575  20.406  19.965
0.29  VELA08  21.529  20.38  19.97
0.30  VELA08  21.487  20.347  19.978
0.31  VELA08  21.444  20.315  19.984
0.32  VELA08  21.403  20.273  19.987
0.33  VELA08  21.354  20.216  19.978
0.34  VELA08  21.289  20.168  19.966
0.35  VELA08  21.223  20.15  19.968
0.36  VELA08  21.173  20.156  19.985
0.37  VELA08  21.138  20.153  19.993
0.38  VELA08  21.083  20.134  19.981
0.39  VELA08  21.026  20.121  19.972
0.40  VELA08  20.98  20.111  19.968
0.41  VELA08  20.927  20.107  19.959
0.42  VELA08  20.866  20.1  19.955
0.43  VELA08  20.814  20.099  19.957
0.44  VELA08  20.755  20.104  19.955
0.45  VELA08  20.698  20.108  19.962
0.46  VELA08  20.64  20.114  19.965
0.47  VELA08  20.581  20.119  19.976
0.48  VELA08  20.527  20.125  19.992
0.49  VELA08  20.476  20.131  20.007
0.50  VELA08  20.423  20.142  20.017
0.51  VELA08  20.374  20.144  20.008
0.52  VELA08  20.32  20.131  20.004
0.53  VELA08  20.266  20.113  20.007
0.54  VELA08  20.216  20.092  20.015
0.55  VELA08  20.172  20.074  20.027
0.56  VELA08  20.123  20.065  20.024
0.12  VELA09  19.759  18.775  24.437
0.13  VELA09  19.781  18.815  24.313
0.14  VELA09  19.794  18.846  24.209
0.15  VELA09  19.802  18.868  24.103
0.16  VELA09  19.805  18.889  24.009
0.17  VELA09  19.791  18.925  23.93
0.18  VELA09  19.792  18.97  23.805
0.19  VELA09  19.802  19.012  23.694
0.20  VELA09  19.803  19.057  23.577
0.21  VELA09  19.809  19.1  23.461
0.22  VELA09  19.824  19.147  23.355
0.23  VELA09  19.831  19.18  23.249
0.24  VELA09  19.838  19.212  23.136
0.25  VELA09  19.847  19.248  23.022
0.26  VELA09  19.858  19.283  22.911
0.27  VELA09  19.863  19.321  22.809
0.28  VELA09  19.871  19.359  22.699
0.29  VELA09  19.882  19.394  22.597
0.30  VELA09  19.89  19.432  22.494
0.31  VELA09  19.897  19.472  22.389
0.32  VELA09  19.905  19.511  22.28
0.33  VELA09  19.913  19.549  22.176
0.34  VELA09  19.92  19.586  22.073
0.35  VELA09  19.925  19.62  21.973
0.36  VELA09  19.929  19.65  21.881
0.37  VELA09  19.931  19.67  21.786
0.38  VELA09  19.931  19.677  21.682
0.39  VELA09  19.932  19.685  21.56
0.40  VELA09  19.937  19.694  21.431
0.41  VELA09  19.962  19.712  21.278
0.42  VELA09  19.983  19.732  21.176
0.43  VELA09  19.973  19.74  21.115
0.44  VELA09  19.969  19.754  21.046
0.45  VELA09  19.967  19.767  20.976
0.46  VELA09  19.965  19.782  20.902
0.47  VELA09  19.964  19.797  20.828
0.48  VELA09  19.964  19.818  20.752
0.49  VELA09  19.967  19.84  20.672
0.50  VELA09  19.975  19.855  20.595
0.51  VELA09  19.978  19.867  20.522
0.52  VELA09  19.978  19.882  20.45
0.53  VELA09  19.98  19.898  20.377
0.54  VELA09  19.981  19.914  20.307
0.55  VELA09  19.979  19.928  20.236
0.56  VELA09  19.975  19.942  20.16
0.12  VELA10  18.41  21.45  22.62
0.13  VELA10  18.468  21.415  22.558
0.14  VELA10  18.516  21.371  22.493
0.15  VELA10  18.554  21.329  22.431
0.16  VELA10  18.599  21.286  22.369
0.17  VELA10  18.653  21.254  22.295
0.18  VELA10  18.704  21.223  22.215
0.19  VELA10  18.736  21.182  22.14
0.20  VELA10  18.769  21.138  22.094
0.21  VELA10  18.796  21.093  22.034
0.22  VELA10  18.822  21.049  21.989
0.23  VELA10  18.842  21.007  21.949
0.24  VELA10  18.873  20.97  21.901
0.25  VELA10  18.921  20.929  21.851
0.26  VELA10  18.961  20.889  21.798
0.27  VELA10  19.008  20.848  21.726
0.28  VELA10  19.052  20.809  21.649
0.29  VELA10  19.092  20.77  21.575
0.30  VELA10  19.138  20.729  21.509
0.31  VELA10  19.182  20.691  21.44
0.32  VELA10  19.224  20.653  21.374
0.33  VELA10  19.268  20.616  21.308
0.34  VELA10  19.311  20.581  21.242
0.35  VELA10  19.358  20.547  21.174
0.36  VELA10  19.407  20.514  21.102
0.37  VELA10  19.457  20.484  21.03
0.38  VELA10  19.515  20.45  20.955
0.39  VELA10  19.559  20.413  20.89
0.40  VELA10  19.594  20.373  20.828
0.41  VELA10  19.627  20.332  20.77
0.42  VELA10  19.659  20.291  20.713
0.43  VELA10  19.694  20.261  20.66
0.44  VELA10  19.732  20.238  20.605
0.45  VELA10  19.768  20.22  20.55
0.46  VELA10  19.801  20.203  20.497
0.47  VELA10  19.83  20.189  20.445
0.48  VELA10  19.854  20.175  20.396
0.49  VELA10  19.875  20.158  20.349
0.50  VELA10  19.892  20.144  20.304
0.51  VELA10  19.909  20.128  20.261
0.52  VELA10  19.922  20.112  20.22
0.53  VELA10  19.931  20.095  20.181
0.54  VELA10  19.936  20.076  20.146
0.55  VELA10  19.939  20.055  20.117
0.56  VELA10  19.939  20.027  20.101
0.15  VELA11  18.841  19.555  19.849
0.16  VELA11  18.864  19.579  19.832
0.17  VELA11  18.881  19.604  19.816
0.18  VELA11  18.892  19.627  19.799
0.19  VELA11  18.891  19.646  19.79
0.20  VELA11  18.892  19.662  19.802
0.21  VELA11  18.902  19.663  19.829
0.22  VELA11  18.929  19.673  19.828
0.23  VELA11  18.965  19.7  19.812
0.24  VELA11  18.99  19.701  19.825
0.25  VELA11  19.023  19.713  19.828
0.26  VELA11  19.055  19.727  19.831
0.27  VELA11  19.086  19.739  19.837
0.28  VELA11  19.113  19.747  19.846
0.29  VELA11  19.141  19.754  19.858
0.30  VELA11  19.164  19.764  19.868
0.31  VELA11  19.182  19.771  19.879
0.32  VELA11  19.2  19.777  19.891
0.33  VELA11  19.214  19.781  19.903
0.34  VELA11  19.232  19.777  19.903
0.35  VELA11  19.263  19.788  19.907
0.36  VELA11  19.299  19.804  19.91
0.37  VELA11  19.322  19.807  19.915
0.38  VELA11  19.352  19.814  19.921
0.39  VELA11  19.38  19.821  19.928
0.40  VELA11  19.408  19.828  19.93
0.41  VELA11  19.44  19.837  19.933
0.42  VELA11  19.472  19.846  19.935
0.43  VELA11  19.506  19.855  19.936
0.44  VELA11  19.54  19.864  19.939
0.45  VELA11  19.575  19.871  19.941
0.46  VELA11  19.609  19.878  19.942
0.47  VELA11  19.642  19.885  19.944
0.48  VELA11  19.677  19.895  19.947
0.49  VELA11  19.712  19.906  19.952
0.50  VELA11  19.748  19.916  19.956
0.51  VELA11  19.784  19.927  19.959
0.52  VELA11  19.819  19.936  19.962
0.53  VELA11  19.857  19.947  19.964
0.54  VELA11  19.894  19.958  19.969
0.55  VELA11  19.934  19.972  19.978
0.56  VELA11  19.969  19.989  19.995
0.13  VELA12  20.024  19.715  23.334
0.14  VELA12  20.064  19.731  23.251
0.15  VELA12  20.101  19.746  23.166
0.16  VELA12  20.144  19.77  23.08
0.17  VELA12  20.192  19.781  22.998
0.18  VELA12  20.218  19.798  22.899
0.19  VELA12  20.204  19.818  22.808
0.20  VELA12  20.218  19.79  22.706
0.21  VELA12  20.226  19.784  22.627
0.22  VELA12  20.223  19.804  22.555
0.23  VELA12  20.223  19.818  22.473
0.24  VELA12  20.226  19.828  22.393
0.25  VELA12  20.226  19.839  22.313
0.26  VELA12  20.223  19.852  22.235
0.27  VELA12  20.22  19.866  22.158
0.28  VELA12  20.216  19.88  22.08
0.29  VELA12  20.213  19.894  22.0
0.30  VELA12  20.21  19.905  21.921
0.31  VELA12  20.204  19.917  21.839
0.32  VELA12  20.199  19.929  21.761
0.33  VELA12  20.195  19.939  21.684
0.34  VELA12  20.19  19.95  21.609
0.35  VELA12  20.186  19.959  21.536
0.36  VELA12  20.178  19.968  21.463
0.37  VELA12  20.168  19.975  21.39
0.38  VELA12  20.157  19.981  21.318
0.39  VELA12  20.145  19.987  21.247
0.40  VELA12  20.13  19.992  21.171
0.41  VELA12  20.116  19.996  21.098
0.42  VELA12  20.105  19.996  21.029
0.43  VELA12  20.095  19.991  20.959
0.44  VELA12  20.088  19.986  20.893
0.45  VELA12  20.081  19.982  20.828
0.46  VELA12  20.077  19.981  20.766
0.47  VELA12  20.072  19.982  20.702
0.48  VELA12  20.066  19.986  20.637
0.49  VELA12  20.055  19.989  20.574
0.50  VELA12  20.042  19.992  20.513
0.51  VELA12  20.03  19.995  20.452
0.52  VELA12  20.019  19.997  20.395
0.53  VELA12  20.009  19.999  20.338
0.54  VELA12  19.999  20.002  20.281
0.55  VELA12  19.989  20.005  20.226
0.56  VELA12  19.98  20.008  20.174
0.14  VELA13  21.446  20.656  17.968
0.15  VELA13  21.41  20.612  18.036
0.16  VELA13  21.37  20.58  18.099
0.17  VELA13  21.323  20.551  18.153
0.18  VELA13  21.28  20.511  18.213
0.19  VELA13  21.242  20.474  18.276
0.20  VELA13  21.21  20.442  18.337
0.21  VELA13  21.192  20.414  18.399
0.22  VELA13  21.158  20.404  18.444
0.23  VELA13  21.104  20.391  18.486
0.24  VELA13  21.055  20.367  18.538
0.25  VELA13  21.014  20.346  18.581
0.26  VELA13  20.971  20.317  18.628
0.27  VELA13  20.944  20.292  18.682
0.28  VELA13  20.931  20.279  18.737
0.29  VELA13  20.916  20.276  18.788
0.30  VELA13  20.888  20.278  18.838
0.31  VELA13  20.848  20.272  18.898
0.32  VELA13  20.813  20.264  18.953
0.33  VELA13  20.785  20.257  19.003
0.34  VELA13  20.759  20.247  19.052
0.35  VELA13  20.728  20.242  19.097
0.36  VELA13  20.692  20.233  19.147
0.37  VELA13  20.655  20.226  19.201
0.38  VELA13  20.615  20.216  19.253
0.39  VELA13  20.575  20.206  19.297
0.40  VELA13  20.536  20.192  19.334
0.41  VELA13  20.505  20.175  19.372
0.42  VELA13  20.479  20.157  19.412
0.43  VELA13  20.452  20.14  19.453
0.44  VELA13  20.434  20.127  19.5
0.45  VELA13  20.411  20.135  19.552
0.46  VELA13  20.383  20.102  19.584
0.47  VELA13  20.361  20.106  19.63
0.48  VELA13  20.334  20.098  19.672
0.49  VELA13  20.31  20.087  19.709
0.50  VELA13  20.282  20.077  19.746
0.51  VELA13  20.256  20.067  19.78
0.52  VELA13  20.231  20.056  19.812
0.53  VELA13  20.207  20.045  19.841
0.54  VELA13  20.18  20.035  19.873
0.55  VELA13  20.154  20.024  19.903
0.56  VELA13  20.129  20.013  19.934
0.14  VELA14  17.03  19.891  19.942
0.15  VELA14  17.091  19.889  19.953
0.16  VELA14  17.171  19.887  19.966
0.17  VELA14  17.256  19.883  19.976
0.18  VELA14  17.335  19.876  19.982
0.19  VELA14  17.417  19.872  19.991
0.20  VELA14  17.498  19.863  20.0
0.21  VELA14  17.579  19.856  20.006
0.22  VELA14  17.664  19.846  20.012
0.23  VELA14  17.751  19.836  20.017
0.24  VELA14  17.836  19.82  20.02
0.25  VELA14  17.914  19.795  20.027
0.26  VELA14  17.974  19.775  20.029
0.27  VELA14  18.039  19.778  20.021
0.28  VELA14  18.108  19.778  20.014
0.29  VELA14  18.186  19.784  20.014
0.30  VELA14  18.28  19.8  20.017
0.31  VELA14  18.368  19.809  20.018
0.32  VELA14  18.445  19.798  20.01
0.33  VELA14  18.511  19.775  19.991
0.34  VELA14  18.579  19.78  19.99
0.35  VELA14  18.649  19.785  19.979
0.36  VELA14  18.709  19.785  19.971
0.37  VELA14  18.772  19.789  19.968
0.38  VELA14  18.836  19.798  19.97
0.39  VELA14  18.899  19.81  19.972
0.40  VELA14  18.967  19.82  19.973
0.41  VELA14  19.027  19.823  19.972
0.42  VELA14  19.089  19.832  19.973
0.43  VELA14  19.155  19.841  19.974
0.44  VELA14  19.218  19.848  19.972
0.45  VELA14  19.274  19.855  19.971
0.46  VELA14  19.335  19.859  19.969
0.47  VELA14  19.391  19.864  19.97
0.48  VELA14  19.449  19.871  19.971
0.49  VELA14  19.507  19.877  19.971
0.50  VELA14  19.561  19.885  19.971
0.51  VELA14  19.616  19.889  19.971
0.52  VELA14  19.668  19.893  19.971
0.53  VELA14  19.721  19.894  19.97
0.54  VELA14  19.772  19.897  19.971
0.55  VELA14  19.824  19.9  19.971
0.56  VELA14  19.874  19.903  19.971
0.20  VELA15  19.555  18.88  21.729
0.21  VELA15  19.576  18.906  21.685
0.22  VELA15  19.58  18.949  21.62
0.23  VELA15  19.592  18.989  21.551
0.24  VELA15  19.599  19.023  21.482
0.25  VELA15  19.61  19.055  21.416
0.26  VELA15  19.614  19.077  21.36
0.27  VELA15  19.626  19.098  21.319
0.28  VELA15  19.653  19.147  21.266
0.29  VELA15  19.678  19.193  21.21
0.30  VELA15  19.692  19.226  21.162
0.31  VELA15  19.706  19.259  21.111
0.32  VELA15  19.722  19.292  21.059
0.33  VELA15  19.738  19.325  21.006
0.34  VELA15  19.755  19.357  20.957
0.35  VELA15  19.773  19.39  20.907
0.36  VELA15  19.79  19.425  20.858
0.37  VELA15  19.81  19.461  20.805
0.38  VELA15  19.827  19.492  20.755
0.39  VELA15  19.843  19.519  20.712
0.40  VELA15  19.859  19.548  20.667
0.41  VELA15  19.875  19.583  20.62
0.42  VELA15  19.891  19.618  20.575
0.43  VELA15  19.905  19.654  20.53
0.44  VELA15  19.919  19.689  20.486
0.45  VELA15  19.932  19.723  20.44
0.46  VELA15  19.944  19.755  20.395
0.47  VELA15  19.956  19.782  20.353
0.48  VELA15  19.969  19.81  20.311
0.49  VELA15  19.982  19.836  20.265
0.50  VELA15  19.994  19.859  20.222
0.51  VELA15  20.007  19.885  20.177
0.52  VELA15  20.021  19.911  20.13
0.53  VELA15  20.035  19.935  20.086
0.54  VELA15  20.047  19.96  20.043
0.55  VELA15  20.06  19.983  20.003
0.56  VELA15  20.073  20.008  19.964
0.10  VELA16  11.547  9.187  10.833
0.11  VELA16  11.533  9.223  10.83
0.12  VELA16  11.516  9.262  10.824
0.13  VELA16  11.48  9.284  10.805
0.14  VELA16  11.435  9.331  10.804
0.15  VELA16  11.392  9.378  10.791
0.16  VELA16  11.33  9.412  10.765
0.17  VELA16  11.276  9.446  10.72
0.18  VELA16  11.254  9.482  10.705
0.19  VELA16  11.231  9.52  10.689
0.20  VELA16  11.217  9.562  10.678
0.21  VELA16  11.185  9.576  10.656
0.22  VELA16  11.141  9.598  10.627
0.23  VELA16  11.099  9.616  10.604
0.24  VELA16  11.059  9.635  10.582
0.25  VELA16  11.017  9.652  10.558
0.26  VELA16  10.974  9.668  10.53
0.27  VELA16  10.931  9.686  10.502
0.28  VELA16  10.888  9.7  10.475
0.29  VELA16  10.844  9.714  10.446
0.30  VELA16  10.802  9.725  10.419
0.31  VELA16  10.761  9.735  10.391
0.11  VELA17  10.386  11.439  9.05
0.12  VELA17  10.405  11.409  9.088
0.13  VELA17  10.43  11.378  9.124
0.14  VELA17  10.459  11.37  9.162
0.15  VELA17  10.469  11.313  9.214
0.16  VELA17  10.479  11.295  9.244
0.17  VELA17  10.487  11.282  9.287
0.18  VELA17  10.464  11.246  9.329
0.19  VELA17  10.44  11.198  9.37
0.20  VELA17  10.424  11.16  9.42
0.21  VELA17  10.396  11.113  9.466
0.22  VELA17  10.362  11.041  9.513
0.23  VELA17  10.325  10.968  9.53
0.24  VELA17  10.298  10.925  9.549
0.25  VELA17  10.285  10.883  9.58
0.26  VELA17  10.279  10.835  9.602
0.27  VELA17  10.275  10.795  9.613
0.28  VELA17  10.269  10.771  9.62
0.29  VELA17  10.257  10.748  9.625
0.30  VELA17  10.237  10.736  9.628
0.31  VELA17  10.194  10.721  9.654
0.32  VELA17  10.187  10.66  9.67
0.33  VELA17  10.171  10.619  9.687
0.34  VELA17  10.15  10.577  9.707
0.11  VELA18  10.013  10.938  9.936
0.12  VELA18  10.048  10.892  9.941
0.13  VELA18  10.091  10.839  9.953
0.14  VELA18  10.134  10.826  9.956
0.15  VELA18  10.108  10.799  9.941
0.16  VELA18  10.109  10.767  9.937
0.17  VELA18  10.104  10.727  9.936
0.18  VELA18  10.091  10.696  9.94
0.19  VELA18  10.089  10.675  9.94
0.20  VELA18  10.09  10.664  9.924
0.21  VELA18  10.085  10.643  9.924
0.22  VELA18  10.078  10.619  9.923
0.23  VELA18  10.07  10.595  9.928
0.24  VELA18  10.063  10.569  9.932
0.25  VELA18  10.057  10.539  9.934
0.26  VELA18  10.053  10.509  9.935
0.27  VELA18  10.052  10.48  9.935
0.28  VELA18  10.052  10.455  9.932
0.29  VELA18  10.049  10.431  9.93
0.30  VELA18  10.041  10.405  9.931
0.31  VELA18  10.032  10.377  9.935
0.32  VELA18  10.023  10.347  9.939
0.33  VELA18  10.014  10.316  9.944
0.10  VELA19  10.436  10.584  9.497
0.11  VELA19  10.414  10.566  9.564
0.12  VELA19  10.399  10.543  9.586
0.13  VELA19  10.386  10.527  9.601
0.14  VELA19  10.368  10.502  9.625
0.15  VELA19  10.357  10.48  9.644
0.16  VELA19  10.345  10.459  9.661
0.17  VELA19  10.328  10.433  9.674
0.18  VELA19  10.309  10.405  9.69
0.19  VELA19  10.298  10.379  9.71
0.20  VELA19  10.285  10.353  9.73
0.21  VELA19  10.269  10.325  9.744
0.22  VELA19  10.252  10.303  9.757
0.23  VELA19  10.233  10.283  9.77
0.24  VELA19  10.216  10.257  9.779
0.25  VELA19  10.197  10.227  9.788
0.26  VELA19  10.174  10.19  9.794
0.27  VELA19  10.157  10.143  9.802
0.28  VELA19  10.143  10.116  9.821
0.29  VELA19  10.134  10.106  9.832
0.30  VELA19  10.12  10.097  9.84
0.31  VELA19  10.102  10.083  9.852
0.32  VELA19  10.086  10.068  9.862
0.33  VELA19  10.07  10.053  9.873
0.10  VELA20  8.395  8.158  9.118
0.11  VELA20  8.461  8.225  9.157
0.12  VELA20  8.524  8.293  9.185
0.13  VELA20  8.584  8.362  9.23
0.14  VELA20  8.644  8.435  9.263
0.15  VELA20  8.711  8.51  9.281
0.16  VELA20  8.786  8.595  9.298
0.17  VELA20  8.825  8.662  9.345
0.18  VELA20  8.88  8.733  9.391
0.19  VELA20  8.929  8.808  9.441
0.20  VELA20  8.987  8.876  9.504
0.21  VELA20  9.067  8.935  9.535
0.22  VELA20  9.093  8.988  9.551
0.23  VELA20  9.117  9.039  9.576
0.24  VELA20  9.151  9.085  9.604
0.25  VELA20  9.194  9.134  9.631
0.26  VELA20  9.24  9.186  9.657
0.27  VELA20  9.283  9.238  9.684
0.28  VELA20  9.327  9.289  9.711
0.29  VELA20  9.372  9.34  9.739
0.30  VELA20  9.418  9.393  9.765
0.31  VELA20  9.464  9.449  9.792
0.32  VELA20  9.516  9.507  9.819
0.33  VELA20  9.558  9.565  9.832
0.34  VELA20  9.58  9.609  9.848
0.35  VELA20  9.606  9.653  9.862
0.36  VELA20  9.631  9.691  9.875
0.37  VELA20  9.66  9.728  9.892
0.38  VELA20  9.686  9.764  9.908
0.39  VELA20  9.716  9.8  9.925
0.40  VELA20  9.749  9.834  9.943
0.41  VELA20  9.785  9.869  9.959
0.42  VELA20  9.822  9.905  9.974
0.43  VELA20  9.859  9.94  9.986
0.44  VELA20  9.898  9.976  9.997
0.45  VELA20  9.938  10.013  10.01
0.46  VELA20  9.975  10.049  10.024
0.47  VELA20  10.014  10.085  10.04
0.48  VELA20  10.051  10.121  10.057
0.49  VELA20  10.086  10.156  10.074
0.50  VELA20  10.122  10.19  10.092
0.13  VELA21  8.672  10.116  10.431
0.14  VELA21  8.718  10.105  10.42
0.15  VELA21  8.774  10.108  10.399
0.16  VELA21  8.833  10.101  10.369
0.17  VELA21  8.894  10.089  10.333
0.18  VELA21  8.968  10.086  10.309
0.19  VELA21  9.039  10.077  10.284
0.20  VELA21  9.082  10.073  10.257
0.21  VELA21  9.111  10.079  10.215
0.22  VELA21  9.146  10.077  10.176
0.23  VELA21  9.159  10.074  10.14
0.24  VELA21  9.188  10.065  10.132
0.25  VELA21  9.24  10.059  10.126
0.26  VELA21  9.29  10.055  10.115
0.27  VELA21  9.33  10.052  10.112
0.28  VELA21  9.367  10.049  10.109
0.29  VELA21  9.401  10.046  10.104
0.30  VELA21  9.436  10.046  10.098
0.31  VELA21  9.472  10.045  10.093
0.32  VELA21  9.51  10.045  10.084
0.33  VELA21  9.548  10.047  10.074
0.34  VELA21  9.585  10.048  10.067
0.35  VELA21  9.622  10.049  10.061
0.36  VELA21  9.657  10.049  10.057
0.37  VELA21  9.696  10.047  10.053
0.38  VELA21  9.733  10.042  10.045
0.39  VELA21  9.764  10.038  10.038
0.40  VELA21  9.795  10.034  10.029
0.41  VELA21  9.825  10.03  10.019
0.42  VELA21  9.856  10.028  10.006
0.43  VELA21  9.886  10.025  9.996
0.44  VELA21  9.917  10.021  9.985
0.45  VELA21  9.945  10.017  9.976
0.46  VELA21  9.975  10.011  9.969
0.47  VELA21  10.004  10.005  9.961
0.48  VELA21  10.031  9.999  9.954
0.49  VELA21  10.059  9.993  9.949
0.50  VELA21  10.087  9.987  9.942
0.13  VELA22  10.571  8.752  10.618
0.14  VELA22  10.523  8.792  10.58
0.15  VELA22  10.479  8.845  10.55
0.16  VELA22  10.446  8.905  10.517
0.17  VELA22  10.421  8.967  10.49
0.18  VELA22  10.406  9.04  10.47
0.19  VELA22  10.401  9.099  10.453
0.20  VELA22  10.357  9.115  10.436
0.21  VELA22  10.323  9.125  10.425
0.22  VELA22  10.287  9.149  10.408
0.23  VELA22  10.27  9.181  10.39
0.24  VELA22  10.254  9.211  10.366
0.25  VELA22  10.239  9.244  10.342
0.26  VELA22  10.218  9.283  10.321
0.27  VELA22  10.198  9.323  10.301
0.28  VELA22  10.179  9.359  10.28
0.29  VELA22  10.163  9.397  10.258
0.30  VELA22  10.146  9.44  10.238
0.31  VELA22  10.129  9.477  10.217
0.32  VELA22  10.11  9.517  10.195
0.33  VELA22  10.094  9.558  10.176
0.34  VELA22  10.079  9.602  10.155
0.35  VELA22  10.065  9.646  10.134
0.36  VELA22  10.05  9.692  10.115
0.37  VELA22  10.036  9.739  10.095
0.38  VELA22  10.013  9.783  10.066
0.39  VELA22  9.995  9.817  10.046
0.40  VELA22  9.978  9.848  10.028
0.41  VELA22  9.962  9.881  10.01
0.42  VELA22  9.948  9.915  9.991
0.43  VELA22  9.933  9.948  9.972
0.44  VELA22  9.919  9.979  9.953
0.45  VELA22  9.905  10.011  9.936
0.46  VELA22  9.89  10.045  9.918
0.47  VELA22  9.877  10.076  9.901
0.48  VELA22  9.864  10.108  9.884
0.49  VELA22  9.851  10.138  9.867
0.50  VELA22  9.838  10.166  9.85
0.13  VELA23  11.123  8.809  9.982
0.14  VELA23  11.088  8.858  9.986
0.15  VELA23  11.06  8.891  9.973
0.16  VELA23  11.023  8.924  9.967
0.17  VELA23  10.982  8.964  9.964
0.18  VELA23  10.946  8.989  9.951
0.19  VELA23  10.911  9.016  9.936
0.20  VELA23  10.877  9.061  9.931
0.21  VELA23  10.844  9.103  9.931
0.22  VELA23  10.809  9.141  9.935
0.23  VELA23  10.768  9.18  9.939
0.24  VELA23  10.736  9.219  9.935
0.25  VELA23  10.708  9.253  9.927
0.26  VELA23  10.674  9.296  9.924
0.27  VELA23  10.644  9.336  9.92
0.28  VELA23  10.615  9.374  9.921
0.29  VELA23  10.583  9.419  9.919
0.30  VELA23  10.547  9.466  9.917
0.31  VELA23  10.512  9.514  9.917
0.32  VELA23  10.473  9.565  9.917
0.33  VELA23  10.432  9.616  9.921
0.34  VELA23  10.39  9.667  9.926
0.35  VELA23  10.345  9.717  9.931
0.36  VELA23  10.297  9.763  9.938
0.37  VELA23  10.246  9.805  9.947
0.38  VELA23  10.191  9.846  9.955
0.39  VELA23  10.135  9.883  9.964
0.40  VELA23  10.077  9.918  9.972
0.41  VELA23  10.02  9.953  9.979
0.42  VELA23  9.968  9.99  9.981
0.43  VELA23  9.928  10.032  9.976
0.44  VELA23  9.903  10.072  9.959
0.45  VELA23  9.883  10.12  9.942
0.46  VELA23  9.847  10.158  9.935
0.47  VELA23  9.808  10.186  9.93
0.48  VELA23  9.767  10.208  9.931
0.49  VELA23  9.731  10.244  9.923
0.50  VELA23  9.698  10.275  9.919
0.15  VELA24  10.164  8.329  8.425
0.16  VELA24  10.153  8.388  8.489
0.17  VELA24  10.151  8.447  8.561
0.18  VELA24  10.156  8.506  8.636
0.19  VELA24  10.165  8.578  8.711
0.20  VELA24  10.176  8.663  8.778
0.21  VELA24  10.188  8.754  8.83
0.22  VELA24  10.18  8.851  8.875
0.23  VELA24  10.163  8.907  8.96
0.24  VELA24  10.155  8.989  9.001
0.25  VELA24  10.163  9.038  9.055
0.26  VELA24  10.172  9.099  9.108
0.27  VELA24  10.17  9.157  9.163
0.28  VELA24  10.17  9.212  9.22
0.29  VELA24  10.168  9.269  9.282
0.30  VELA24  10.161  9.331  9.346
0.31  VELA24  10.143  9.394  9.406
0.32  VELA24  10.123  9.458  9.462
0.33  VELA24  10.105  9.514  9.511
0.34  VELA24  10.089  9.563  9.555
0.35  VELA24  10.077  9.6  9.595
0.36  VELA24  10.074  9.639  9.639
0.37  VELA24  10.07  9.691  9.693
0.38  VELA24  10.055  9.745  9.748
0.39  VELA24  10.035  9.796  9.796
0.40  VELA24  10.024  9.841  9.846
0.41  VELA24  10.015  9.89  9.9
0.42  VELA24  10.009  9.935  9.956
0.43  VELA24  10.007  9.986  10.018
0.44  VELA24  9.999  10.041  10.076
0.45  VELA24  9.99  10.096  10.134
0.46  VELA24  9.979  10.152  10.193
0.47  VELA24  9.966  10.207  10.252
0.48  VELA24  9.952  10.261  10.311
0.49  VELA24  9.937  10.316  10.373
0.50  VELA24  9.922  10.37  10.435
0.13  VELA25  10.199  9.827  9.302
0.14  VELA25  10.176  9.834  9.329
0.15  VELA25  10.162  9.842  9.353
0.16  VELA25  10.145  9.857  9.377
0.17  VELA25  10.129  9.873  9.408
0.18  VELA25  10.123  9.884  9.438
0.19  VELA25  10.118  9.893  9.462
0.20  VELA25  10.117  9.903  9.478
0.21  VELA25  10.13  9.933  9.502
0.22  VELA25  10.126  9.94  9.525
0.23  VELA25  10.123  9.937  9.553
0.24  VELA25  10.128  9.957  9.575
0.25  VELA25  10.121  9.961  9.6
0.26  VELA25  10.118  9.966  9.628
0.27  VELA25  10.115  9.977  9.655
0.28  VELA25  10.114  9.991  9.684
0.29  VELA25  10.113  10.005  9.714
0.30  VELA25  10.116  10.023  9.739
0.31  VELA25  10.108  10.019  9.759
0.32  VELA25  10.095  10.008  9.788
0.33  VELA25  10.079  9.995  9.818
0.34  VELA25  10.076  9.996  9.848
0.35  VELA25  10.064  9.99  9.884
0.36  VELA25  10.045  9.986  9.91
0.37  VELA25  10.033  9.984  9.929
0.38  VELA25  10.026  9.985  9.943
0.39  VELA25  10.021  9.988  9.955
0.40  VELA25  10.014  9.988  9.972
0.41  VELA25  10.006  9.989  9.991
0.42  VELA25  9.999  9.99  10.008
0.43  VELA25  9.992  9.991  10.024
0.44  VELA25  9.985  9.993  10.04
0.45  VELA25  9.977  9.994  10.058
0.46  VELA25  9.969  9.995  10.075
0.47  VELA25  9.961  9.996  10.094
0.48  VELA25  9.952  9.996  10.111
0.49  VELA25  9.943  9.998  10.128
0.50  VELA25  9.935  10.0  10.144
0.12  VELA26  9.174  10.789  9.556
0.13  VELA26  9.207  10.739  9.564
0.14  VELA26  9.247  10.687  9.578
0.15  VELA26  9.292  10.631  9.585
0.16  VELA26  9.343  10.582  9.601
0.17  VELA26  9.38  10.554  9.627
0.18  VELA26  9.414  10.516  9.63
0.19  VELA26  9.456  10.479  9.651
0.20  VELA26  9.491  10.443  9.661
0.21  VELA26  9.526  10.411  9.683
0.22  VELA26  9.558  10.374  9.701
0.23  VELA26  9.591  10.342  9.718
0.24  VELA26  9.621  10.315  9.734
0.25  VELA26  9.651  10.298  9.751
0.26  VELA26  9.68  10.273  9.757
0.27  VELA26  9.709  10.246  9.758
0.28  VELA26  9.733  10.218  9.76
0.29  VELA26  9.752  10.198  9.782
0.30  VELA26  9.774  10.173  9.799
0.31  VELA26  9.796  10.152  9.813
0.32  VELA26  9.821  10.132  9.831
0.33  VELA26  9.845  10.116  9.853
0.34  VELA26  9.868  10.102  9.879
0.35  VELA26  9.89  10.088  9.903
0.36  VELA26  9.911  10.078  9.923
0.37  VELA26  9.931  10.068  9.939
0.38  VELA26  9.95  10.057  9.952
0.39  VELA26  9.968  10.045  9.965
0.40  VELA26  9.985  10.031  9.976
0.41  VELA26  10.003  10.015  9.986
0.42  VELA26  10.02  9.999  9.996
0.43  VELA26  10.037  9.983  10.005
0.44  VELA26  10.053  9.965  10.014
0.45  VELA26  10.07  9.946  10.024
0.46  VELA26  10.086  9.926  10.036
0.47  VELA26  10.102  9.91  10.047
0.48  VELA26  10.118  9.9  10.058
0.49  VELA26  10.134  9.889  10.068
0.50  VELA26  10.15  9.876  10.078
0.12  VELA27  10.218  9.814  9.253
0.13  VELA27  10.214  9.836  9.293
0.14  VELA27  10.209  9.858  9.332
0.15  VELA27  10.208  9.878  9.367
0.16  VELA27  10.192  9.898  9.401
0.17  VELA27  10.194  9.897  9.426
0.18  VELA27  10.201  9.899  9.445
0.19  VELA27  10.188  9.909  9.467
0.20  VELA27  10.185  9.909  9.485
0.21  VELA27  10.186  9.907  9.507
0.22  VELA27  10.188  9.904  9.54
0.23  VELA27  10.18  9.913  9.565
0.24  VELA27  10.17  9.923  9.59
0.25  VELA27  10.151  9.934  9.613
0.26  VELA27  10.135  9.938  9.637
0.27  VELA27  10.121  9.937  9.66
0.28  VELA27  10.107  9.939  9.687
0.29  VELA27  10.092  9.945  9.715
0.30  VELA27  10.072  9.954  9.741
0.31  VELA27  10.048  9.96  9.768
0.32  VELA27  10.032  9.966  9.809
0.33  VELA27  10.029  9.97  9.828
0.34  VELA27  10.028  9.971  9.841
0.35  VELA27  10.02  9.97  9.857
0.36  VELA27  10.01  9.971  9.878
0.37  VELA27  10.005  9.971  9.896
0.38  VELA27  10.001  9.971  9.913
0.39  VELA27  9.998  9.97  9.93
0.40  VELA27  9.996  9.97  9.948
0.41  VELA27  9.994  9.97  9.963
0.42  VELA27  9.991  9.97  9.977
0.43  VELA27  9.986  9.97  9.991
0.44  VELA27  9.981  9.969  10.006
0.45  VELA27  9.976  9.969  10.019
0.46  VELA27  9.97  9.968  10.035
0.47  VELA27  9.964  9.968  10.051
0.48  VELA27  9.958  9.967  10.066
0.49  VELA27  9.951  9.967  10.08
0.50  VELA27  9.945  9.965  10.095
0.16  VELA28  10.202  9.903  9.534
0.17  VELA28  10.193  9.906  9.55
0.18  VELA28  10.185  9.909  9.565
0.19  VELA28  10.179  9.906  9.586
0.20  VELA28  10.173  9.908  9.605
0.21  VELA28  10.166  9.907  9.624
0.22  VELA28  10.158  9.903  9.644
0.23  VELA28  10.152  9.9  9.66
0.24  VELA28  10.147  9.888  9.684
0.25  VELA28  10.135  9.877  9.714
0.26  VELA28  10.12  9.879  9.744
0.27  VELA28  10.114  9.89  9.764
0.28  VELA28  10.11  9.918  9.776
0.29  VELA28  10.109  9.926  9.774
0.30  VELA28  10.096  9.931  9.8
0.31  VELA28  10.086  9.94  9.822
0.32  VELA28  10.069  9.942  9.859
0.33  VELA28  10.053  9.954  9.882
0.34  VELA28  10.048  9.958  9.888
0.35  VELA28  10.04  9.964  9.892
0.36  VELA28  10.029  9.971  9.907
0.37  VELA28  10.018  9.977  9.925
0.38  VELA28  10.008  9.983  9.942
0.39  VELA28  9.997  9.988  9.961
0.40  VELA28  9.986  9.993  9.98
0.41  VELA28  9.975  9.999  9.998
0.42  VELA28  9.966  10.003  10.016
0.43  VELA28  9.955  10.007  10.037
0.44  VELA28  9.946  10.012  10.056
0.45  VELA28  9.937  10.018  10.075
0.46  VELA28  9.929  10.024  10.091
0.47  VELA28  9.92  10.03  10.106
0.48  VELA28  9.911  10.035  10.123
0.49  VELA28  9.903  10.041  10.142
0.50  VELA28  9.894  10.048  10.163
0.11  VELA29  11.265  10.961  10.792
0.12  VELA29  11.238  10.941  10.766
0.13  VELA29  11.21  10.913  10.733
0.14  VELA29  11.186  10.901  10.708
0.15  VELA29  11.166  10.879  10.686
0.16  VELA29  11.149  10.849  10.69
0.17  VELA29  11.12  10.823  10.688
0.18  VELA29  11.066  10.802  10.633
0.19  VELA29  11.029  10.756  10.626
0.20  VELA29  10.982  10.718  10.602
0.21  VELA29  10.936  10.679  10.575
0.22  VELA29  10.892  10.631  10.55
0.23  VELA29  10.845  10.582  10.522
0.24  VELA29  10.794  10.534  10.491
0.25  VELA29  10.745  10.489  10.46
0.26  VELA29  10.695  10.443  10.425
0.27  VELA29  10.647  10.395  10.381
0.28  VELA29  10.599  10.359  10.332
0.29  VELA29  10.561  10.318  10.316
0.30  VELA29  10.516  10.279  10.285
0.31  VELA29  10.477  10.257  10.266
0.32  VELA29  10.44  10.239  10.248
0.33  VELA29  10.403  10.216  10.232
0.34  VELA29  10.36  10.192  10.209
0.35  VELA29  10.321  10.164  10.193
0.36  VELA29  10.281  10.135  10.176
0.37  VELA29  10.24  10.107  10.158
0.38  VELA29  10.197  10.081  10.14
0.39  VELA29  10.152  10.05  10.124
0.40  VELA29  10.108  10.012  10.102
0.41  VELA29  10.066  9.991  10.072
0.42  VELA29  10.026  9.978  10.044
0.43  VELA29  9.988  9.968  10.016
0.44  VELA29  9.949  9.955  9.992
0.45  VELA29  9.908  9.94  9.964
0.46  VELA29  9.868  9.926  9.939
0.47  VELA29  9.83  9.911  9.915
0.48  VELA29  9.793  9.895  9.892
0.49  VELA29  9.754  9.879  9.869
0.50  VELA29  9.712  9.864  9.845
0.13  VELA30  9.719  9.862  10.805
0.14  VELA30  9.699  9.806  10.804
0.15  VELA30  9.704  9.798  10.804
0.16  VELA30  9.72  9.823  10.758
0.17  VELA30  9.748  9.842  10.724
0.18  VELA30  9.763  9.841  10.707
0.19  VELA30  9.779  9.833  10.687
0.20  VELA30  9.79  9.827  10.661
0.21  VELA30  9.801  9.826  10.632
0.22  VELA30  9.815  9.828  10.609
0.23  VELA30  9.829  9.827  10.585
0.24  VELA30  9.84  9.817  10.566
0.25  VELA30  9.849  9.816  10.541
0.26  VELA30  9.856  9.816  10.514
0.27  VELA30  9.859  9.813  10.485
0.28  VELA30  9.862  9.81  10.459
0.29  VELA30  9.868  9.807  10.433
0.30  VELA30  9.876  9.802  10.406
0.31  VELA30  9.883  9.796  10.381
0.32  VELA30  9.89  9.793  10.357
0.33  VELA30  9.898  9.791  10.333
0.34  VELA30  9.906  9.791  10.306
0.35  VELA30  9.914  9.791  10.28
0.36  VELA30  9.92  9.793  10.252
0.37  VELA30  9.924  9.797  10.224
0.38  VELA30  9.927  9.801  10.195
0.39  VELA30  9.928  9.807  10.167
0.40  VELA30  9.928  9.813  10.141
0.41  VELA30  9.93  9.818  10.116
0.42  VELA30  9.934  9.823  10.091
0.43  VELA30  9.938  9.828  10.067
0.10  VELA31  8.281  10.538  10.509
0.11  VELA31  8.337  10.525  10.472
0.12  VELA31  8.4  10.519  10.435
0.13  VELA31  8.455  10.522  10.4
0.14  VELA31  8.516  10.511  10.379
0.15  VELA31  8.549  10.488  10.341
0.16  VELA31  8.588  10.461  10.31
0.17  VELA31  8.639  10.429  10.28
0.18  VELA31  8.692  10.391  10.256
0.19  VELA31  8.743  10.351  10.242
0.20  VELA31  8.821  10.309  10.254
0.21  VELA31  8.88  10.296  10.253
0.22  VELA31  8.915  10.277  10.225
0.23  VELA31  8.965  10.252  10.224
0.24  VELA31  9.013  10.233  10.212
0.25  VELA31  9.06  10.218  10.201
0.26  VELA31  9.107  10.209  10.188
0.27  VELA31  9.15  10.196  10.174
0.28  VELA31  9.192  10.183  10.163
0.29  VELA31  9.237  10.168  10.152
0.30  VELA31  9.283  10.152  10.14
0.31  VELA31  9.329  10.133  10.128
0.32  VELA31  9.371  10.107  10.119
0.33  VELA31  9.413  10.077  10.119
0.34  VELA31  9.457  10.06  10.127
0.35  VELA31  9.499  10.053  10.116
0.36  VELA31  9.543  10.048  10.093
0.37  VELA31  9.591  10.041  10.073
0.38  VELA31  9.637  10.031  10.063
0.39  VELA31  9.681  10.021  10.054
0.40  VELA31  9.725  10.014  10.046
0.11  VELA32  8.386  11.527  9.75
0.12  VELA32  8.443  11.474  9.748
0.13  VELA32  8.501  11.428  9.755
0.14  VELA32  8.524  11.372  9.744
0.15  VELA32  8.579  11.316  9.766
0.16  VELA32  8.626  11.262  9.781
0.17  VELA32  8.677  11.214  9.789
0.18  VELA32  8.737  11.165  9.803
0.19  VELA32  8.791  11.113  9.822
0.20  VELA32  8.823  11.072  9.839
0.21  VELA32  8.87  11.033  9.851
0.22  VELA32  8.917  10.99  9.863
0.23  VELA32  8.97  10.94  9.876
0.24  VELA32  9.021  10.889  9.886
0.25  VELA32  9.069  10.845  9.896
0.26  VELA32  9.117  10.8  9.901
0.27  VELA32  9.164  10.759  9.909
0.28  VELA32  9.217  10.717  9.922
0.29  VELA32  9.271  10.669  9.936
0.30  VELA32  9.325  10.617  9.951
0.31  VELA32  9.377  10.56  9.968
0.32  VELA32  9.43  10.499  9.989
0.33  VELA32  9.478  10.433  10.016
0.31  VELA32  9.377  10.56  9.968
0.32  VELA32  9.43  10.499  9.989
0.33  VELA32  9.478  10.433  10.016
0.12  VELA33  10.231  9.912  11.478
0.13  VELA33  10.229  9.917  11.414
0.14  VELA33  10.247  9.909  11.363
0.15  VELA33  10.241  9.945  11.298
0.16  VELA33  10.249  9.97  11.213
0.17  VELA33  10.247  9.953  11.151
0.18  VELA33  10.246  9.941  11.086
0.19  VELA33  10.245  9.939  11.018
0.20  VELA33  10.238  9.943  10.959
0.21  VELA33  10.237  9.944  10.895
0.22  VELA33  10.246  9.944  10.823
0.23  VELA33  10.265  9.945  10.742
0.24  VELA33  10.291  9.938  10.637
0.25  VELA33  10.27  9.931  10.58
0.26  VELA33  10.261  9.918  10.534
0.27  VELA33  10.256  9.902  10.485
0.28  VELA33  10.259  9.881  10.425
0.29  VELA33  10.269  9.873  10.351
0.30  VELA33  10.27  9.864  10.301
0.31  VELA33  10.254  9.855  10.292
0.32  VELA33  10.222  9.863  10.259
0.33  VELA33  10.188  9.88  10.222
0.34  VELA33  10.159  9.912  10.168
0.35  VELA33  10.133  9.948  10.134
0.36  VELA33  10.117  9.986  10.125
0.37  VELA33  10.096  9.989  10.11
0.38  VELA33  10.078  9.981  10.089
0.39  VELA33  10.058  9.988  10.07
0.40  VELA33  10.04  9.994  10.052
0.15  VELA34  9.357  10.384  9.23
0.16  VELA34  9.391  10.369  9.238
0.17  VELA34  9.442  10.353  9.242
0.18  VELA34  9.514  10.322  9.245
0.19  VELA34  9.574  10.294  9.257
0.20  VELA34  9.613  10.276  9.275
0.21  VELA34  9.622  10.261  9.301
0.22  VELA34  9.656  10.244  9.334
0.23  VELA34  9.669  10.237  9.361
0.24  VELA34  9.681  10.222  9.396
0.25  VELA34  9.7  10.201  9.432
0.26  VELA34  9.741  10.19  9.473
0.27  VELA34  9.771  10.194  9.507
0.28  VELA34  9.802  10.184  9.545
0.29  VELA34  9.816  10.167  9.59
0.30  VELA34  9.823  10.137  9.633
0.31  VELA34  9.842  10.125  9.664
0.32  VELA34  9.851  10.112  9.69
0.33  VELA34  9.862  10.106  9.712
0.34  VELA34  9.871  10.104  9.734
0.35  VELA34  9.891  10.101  9.76
0.12  VELA35  10.68  8.139  10.83
0.13  VELA35  10.65  8.194  10.779
0.14  VELA35  10.61  8.241  10.723
0.15  VELA35  10.572  8.293  10.693
0.16  VELA35  10.545  8.371  10.679
0.17  VELA35  10.515  8.451  10.663
0.18  VELA35  10.486  8.536  10.637
0.19  VELA35  10.459  8.623  10.601
0.20  VELA35  10.432  8.689  10.563
0.21  VELA35  10.402  8.737  10.542
0.22  VELA35  10.373  8.792  10.543
0.23  VELA35  10.34  8.863  10.527
0.24  VELA35  10.314  8.925  10.504
0.25  VELA35  10.292  8.974  10.477
0.26  VELA35  10.269  9.023  10.467
0.27  VELA35  10.242  9.085  10.466
