
wave    FWHM 
micron arcsec 


JWST 
-------------
0.7    0.0633
0.9    0.0427
1.15   0.0412
1.5    0.0479
2.0    0.0597
2.6    0.0819
3.0    0.0941
3.5    0.1095
4.0    0.1238
4.25   0.131
4.75   0.1475


WFC3/UVIS
0.2    0.083 
0.3    0.075 
0.4    0.070 
0.5    0.067 
0.6    0.067 
0.7    0.070 
0.8    0.074 
0.9    0.078 
1.0    0.084 
1.1    0.089 

WFC3/IR 
0.8    0.124 
0.9    0.126 
1.0    0.128 
1.1    0.130 
1.2    0.133 
1.3    0.137 
1.4    0.141 
1.5    0.145 
1.6    0.151 
1.7    0.156 

BJWST12 
0.5    0.0104
0.6    0.0125 
0.7    0.0146 
0.8    0.0167 
0.9    0.0189 
1.0    0.0209 
1.5    0.0315
2.0    0.0419 


