# Radial light profiles 

# radial and cumulative light profiles as a function of the distance
# from the centre of the psf. The first bin runs from r=0 to r=1 (centre=0.5), etc.

#d [pixels] radial_profile cumulative_profile
   0.500000   6.210774e-02       6.210774e-02
   1.500000   4.127736e-02       1.033851e-01
   2.500000   1.544755e-02       1.188326e-01
   3.500000   2.713804e-03       1.215465e-01
   4.500000   2.407244e-03       1.239537e-01
   5.500000   3.422467e-03       1.273762e-01
   6.500000   1.879361e-03       1.292555e-01
   7.500000   5.406422e-04       1.297962e-01
   8.500000   1.889421e-04       1.299851e-01
   9.500000   1.361494e-04       1.301213e-01
  10.500000   9.368560e-05       1.302149e-01
  11.500000   6.892225e-05       1.302839e-01
  12.500000   7.470913e-05       1.303586e-01
  13.500000   9.959397e-05       1.304582e-01
  14.500000   1.055544e-04       1.305637e-01
  15.500000   9.461748e-05       1.306583e-01
  16.500000   7.797072e-05       1.307363e-01
  17.500000   5.055209e-05       1.307869e-01
  18.500000   3.071653e-05       1.308176e-01
  19.500000   2.433195e-05       1.308419e-01
  20.500000   2.373394e-05       1.308656e-01
  21.500000   2.576916e-05       1.308914e-01
  22.500000   2.643608e-05       1.309179e-01
  23.500000   2.445579e-05       1.309423e-01
  24.500000   2.421896e-05       1.309665e-01
  25.500000   2.225538e-05       1.309888e-01
  26.500000   1.982052e-05       1.310086e-01
  27.500000   1.624005e-05       1.310248e-01
  28.500000   1.271894e-05       1.310376e-01
  29.500000   1.181963e-05       1.310494e-01
  30.500000   1.162878e-05       1.310610e-01
  31.500000   1.064054e-05       1.310717e-01
  32.500000   1.016310e-05       1.310818e-01
  33.500000   9.683126e-06       1.310915e-01
  34.500000   9.238776e-06       1.311007e-01
  35.500000   8.657307e-06       1.311094e-01
  36.500000   8.248287e-06       1.311176e-01
  37.500000   7.961967e-06       1.311256e-01
  38.500000   7.065293e-06       1.311327e-01
  39.500000   6.342664e-06       1.311390e-01
  40.500000   5.871398e-06       1.311449e-01
  41.500000   5.838604e-06       1.311507e-01
  42.500000   5.250833e-06       1.311560e-01
  43.500000   4.790197e-06       1.311608e-01
  44.500000   4.588202e-06       1.311653e-01
  45.500000   4.293814e-06       1.311696e-01
  46.500000   4.257855e-06       1.311739e-01
  47.500000   3.892581e-06       1.311778e-01
  48.500000   3.638158e-06       1.311814e-01
  49.500000   3.295168e-06       1.311847e-01
  50.500000   2.882074e-06       1.311876e-01
  51.500000   2.783945e-06       1.311904e-01
  52.500000   2.516503e-06       1.311929e-01
  53.500000   2.370086e-06       1.311953e-01
  54.500000   2.174120e-06       1.311975e-01
  55.500000   2.039847e-06       1.311995e-01
  56.500000   2.045631e-06       1.312015e-01
  57.500000   1.912134e-06       1.312035e-01
  58.500000   1.879106e-06       1.312053e-01
  59.500000   1.673398e-06       1.312070e-01
  60.500000   1.559013e-06       1.312086e-01
  61.500000   1.495403e-06       1.312101e-01
  62.500000   1.384992e-06       1.312114e-01
  63.500000   1.344557e-06       1.312128e-01
  64.500000   1.235620e-06       1.312140e-01
  65.500000   1.230807e-06       1.312153e-01
  66.500000   1.174416e-06       1.312164e-01
  67.500000   1.116727e-06       1.312175e-01
  68.500000   1.092486e-06       1.312186e-01
  69.500000   9.981717e-07       1.312196e-01
  70.500000   9.594651e-07       1.312206e-01
  71.500000   8.956953e-07       1.312215e-01
  72.500000   8.959980e-07       1.312224e-01
  73.500000   8.807393e-07       1.312233e-01
  74.500000   7.929661e-07       1.312241e-01
  75.500000   7.617345e-07       1.312248e-01
  76.500000   7.154430e-07       1.312255e-01
  77.500000   6.948746e-07       1.312262e-01
  78.500000   6.586974e-07       1.312269e-01
  79.500000   6.206794e-07       1.312275e-01
  80.500000   6.094823e-07       1.312281e-01
  81.500000   5.762372e-07       1.312287e-01
  82.500000   5.548318e-07       1.312293e-01
  83.500000   5.140497e-07       1.312298e-01
  84.500000   4.647538e-07       1.312302e-01
  85.500000   4.155031e-07       1.312306e-01
  86.500000   3.797887e-07       1.312310e-01
  87.500000   3.671468e-07       1.312314e-01
  88.500000   3.558806e-07       1.312318e-01
  89.500000   3.467245e-07       1.312321e-01
  90.500000   3.325675e-07       1.312324e-01
  91.500000   3.212059e-07       1.312328e-01
  92.500000   3.136218e-07       1.312331e-01
  93.500000   2.981040e-07       1.312334e-01
  94.500000   2.757345e-07       1.312336e-01
  95.500000   2.464956e-07       1.312339e-01
  96.500000   2.295248e-07       1.312341e-01
  97.500000   2.229015e-07       1.312343e-01
  98.500000   2.139468e-07       1.312346e-01
  99.500000   2.094081e-07       1.312348e-01
 100.500000   2.047484e-07       1.312350e-01
 101.500000   2.004523e-07       1.312352e-01
 102.500000   1.949201e-07       1.312354e-01
 103.500000   1.908689e-07       1.312356e-01
 104.500000   1.917547e-07       1.312357e-01
 105.500000   1.832828e-07       1.312359e-01
 106.500000   1.704818e-07       1.312361e-01
 107.500000   1.659156e-07       1.312363e-01
 108.500000   1.674034e-07       1.312364e-01
 109.500000   1.664525e-07       1.312366e-01
 110.500000   1.622749e-07       1.312368e-01
 111.500000   1.640223e-07       1.312369e-01
 112.500000   1.637905e-07       1.312371e-01
 113.500000   1.655729e-07       1.312373e-01
 114.500000   1.657310e-07       1.312374e-01
 115.500000   1.639405e-07       1.312376e-01
 116.500000   1.626111e-07       1.312377e-01
 117.500000   1.527639e-07       1.312379e-01
 118.500000   1.532378e-07       1.312381e-01
 119.500000   1.509587e-07       1.312382e-01
 120.500000   1.473305e-07       1.312383e-01
 121.500000   1.486920e-07       1.312385e-01
 122.500000   1.435592e-07       1.312386e-01
 123.500000   1.490278e-07       1.312388e-01
 124.500000   1.482938e-07       1.312389e-01
 125.500000   1.470977e-07       1.312391e-01
 126.500000   1.444851e-07       1.312392e-01
 127.500000   1.345038e-07       1.312394e-01
 128.500000   1.368324e-07       1.312395e-01
 129.500000   1.307433e-07       1.312396e-01
 130.500000   1.290102e-07       1.312398e-01
 131.500000   1.270494e-07       1.312399e-01
 132.500000   1.243855e-07       1.312400e-01
 133.500000   1.261900e-07       1.312401e-01
