# Cuts through the PSF

# Note that for the two diagonal cuts, the positions have to be
# computed as x*sqrt(2).

#x [pixels]     psf(x,0)     psf(0,x)     psf(x,x)    psf(x,-x)
       -119 0.000000e+00 0.000000e+00 0.000000e+00 0.000000e+00
       -118 0.000000e+00 0.000000e+00 0.000000e+00 0.000000e+00
       -117 0.000000e+00 0.000000e+00 0.000000e+00 0.000000e+00
       -116 0.000000e+00 0.000000e+00 0.000000e+00 0.000000e+00
       -115 0.000000e+00 0.000000e+00 0.000000e+00 0.000000e+00
       -114 0.000000e+00 0.000000e+00 0.000000e+00 0.000000e+00
       -113 0.000000e+00 0.000000e+00 0.000000e+00 0.000000e+00
       -112 0.000000e+00 0.000000e+00 0.000000e+00 0.000000e+00
       -111 0.000000e+00 0.000000e+00 0.000000e+00 0.000000e+00
       -110 0.000000e+00 0.000000e+00 0.000000e+00 0.000000e+00
       -109 0.000000e+00 0.000000e+00 0.000000e+00 0.000000e+00
       -108 0.000000e+00 0.000000e+00 0.000000e+00 0.000000e+00
       -107 0.000000e+00 0.000000e+00 0.000000e+00 0.000000e+00
       -106 0.000000e+00 0.000000e+00 0.000000e+00 0.000000e+00
       -105 0.000000e+00 0.000000e+00 0.000000e+00 0.000000e+00
       -104 3.591583e-11 0.000000e+00 0.000000e+00 0.000000e+00
       -103 8.060425e-10 3.019981e-10 0.000000e+00 0.000000e+00
       -102 5.998342e-09 5.172549e-09 0.000000e+00 1.191041e-10
       -101 1.765316e-08 2.379748e-08 0.000000e+00 1.666286e-09
       -100 2.025644e-08 3.646734e-08 0.000000e+00 8.736101e-09
        -99 2.115924e-08 4.137850e-08 0.000000e+00 1.363024e-08
        -98 2.222042e-08 4.265587e-08 0.000000e+00 1.648469e-08
        -97 2.232512e-08 4.521185e-08 9.234914e-11 1.574721e-08
        -96 2.447075e-08 4.725533e-08 1.816254e-09 1.484700e-08
        -95 2.562033e-08 4.884917e-08 7.640188e-09 1.844914e-08
        -94 2.711842e-08 5.362790e-08 1.266502e-08 1.748818e-08
        -93 2.925587e-08 5.411550e-08 1.635306e-08 1.577428e-08
        -92 3.045355e-08 5.570560e-08 1.485987e-08 2.002671e-08
        -91 3.256844e-08 6.017838e-08 1.377836e-08 1.850449e-08
        -90 3.304934e-08 5.989067e-08 1.587951e-08 1.629829e-08
        -89 3.507543e-08 6.131002e-08 1.473737e-08 2.051028e-08
        -88 3.671467e-08 6.375880e-08 1.387312e-08 1.894481e-08
        -87 3.967994e-08 6.419959e-08 1.576211e-08 1.700270e-08
        -86 4.735218e-08 6.728464e-08 1.427872e-08 2.039215e-08
        -85 5.279745e-08 6.781256e-08 1.440963e-08 1.838545e-08
        -84 5.316035e-08 6.814894e-08 1.525026e-08 1.873084e-08
        -83 6.748717e-08 7.542057e-08 1.381540e-08 2.106408e-08
        -82 6.653291e-08 7.727066e-08 1.529629e-08 1.885190e-08
        -81 7.185444e-08 7.790466e-08 1.601023e-08 2.298440e-08
        -80 8.410531e-08 8.796948e-08 1.623445e-08 2.176597e-08
        -79 8.614349e-08 8.848675e-08 1.699136e-08 2.155575e-08
        -78 9.924513e-08 9.561602e-08 1.787762e-08 2.717956e-08
        -77 1.068334e-07 1.006109e-07 1.993670e-08 2.701087e-08
        -76 1.096229e-07 1.039626e-07 2.120434e-08 2.829778e-08
        -75 1.270812e-07 1.130425e-07 2.269949e-08 3.411402e-08
        -74 1.336560e-07 1.192133e-07 2.667557e-08 3.140462e-08
        -73 1.419579e-07 1.336646e-07 2.917810e-08 3.763479e-08
        -72 1.542293e-07 1.403946e-07 3.472086e-08 3.681718e-08
        -71 1.576451e-07 1.504140e-07 3.886761e-08 4.044026e-08
        -70 1.742965e-07 1.629896e-07 4.396181e-08 4.683846e-08
        -69 1.768999e-07 1.721043e-07 5.171596e-08 4.480086e-08
        -68 1.891772e-07 1.831846e-07 5.615751e-08 5.561037e-08
        -67 2.090794e-07 1.928038e-07 6.317629e-08 5.166648e-08
        -66 2.115737e-07 2.035095e-07 7.159554e-08 6.276429e-08
        -65 2.314330e-07 2.161578e-07 7.730649e-08 5.899463e-08
        -64 2.307447e-07 2.291811e-07 8.921782e-08 6.896376e-08
        -63 2.496191e-07 2.419465e-07 1.009296e-07 7.111731e-08
        -62 2.553867e-07 2.551940e-07 1.119510e-07 8.022827e-08
        -61 2.798197e-07 2.632528e-07 1.279539e-07 8.613692e-08
        -60 2.900363e-07 2.864181e-07 1.378529e-07 9.643254e-08
        -59 3.193926e-07 2.913666e-07 1.490656e-07 1.021457e-07
        -58 3.395652e-07 3.272570e-07 1.608403e-07 1.162241e-07
        -57 3.532064e-07 3.254032e-07 1.698552e-07 1.250130e-07
        -56 4.002387e-07 3.654331e-07 1.886190e-07 1.413066e-07
        -55 3.993229e-07 3.780339e-07 2.049385e-07 1.521571e-07
        -54 4.844177e-07 4.236071e-07 2.290528e-07 1.598348e-07
        -53 5.043677e-07 4.542413e-07 2.389277e-07 1.643907e-07
        -52 6.199433e-07 4.840863e-07 2.559697e-07 1.661518e-07
        -51 6.673622e-07 5.244897e-07 2.604678e-07 1.756461e-07
        -50 7.086959e-07 5.556537e-07 2.868687e-07 1.856419e-07
        -49 8.320512e-07 5.896068e-07 3.046544e-07 1.967083e-07
        -48 8.440610e-07 6.527944e-07 3.109419e-07 2.072084e-07
        -47 9.542354e-07 7.008715e-07 3.367596e-07 2.295970e-07
        -46 1.035752e-06 7.116065e-07 3.485770e-07 2.348892e-07
        -45 1.107177e-06 7.878937e-07 3.576274e-07 2.789733e-07
        -44 1.163687e-06 8.072599e-07 3.672394e-07 3.137949e-07
        -43 1.245951e-06 8.121694e-07 3.736160e-07 3.451570e-07
        -42 1.357069e-06 8.686100e-07 3.870697e-07 3.843944e-07
        -41 1.528419e-06 9.483153e-07 4.190915e-07 4.107451e-07
        -40 1.682974e-06 1.053850e-06 4.240486e-07 4.465138e-07
        -39 1.714222e-06 1.239899e-06 4.503373e-07 5.005938e-07
        -38 1.863627e-06 1.486013e-06 5.123254e-07 5.591219e-07
        -37 1.962669e-06 1.640610e-06 5.988156e-07 5.893718e-07
        -36 2.047704e-06 1.811690e-06 7.120208e-07 6.316478e-07
        -35 2.058053e-06 2.070351e-06 8.418901e-07 6.751026e-07
        -34 2.033110e-06 2.291531e-06 9.996536e-07 7.219264e-07
        -33 2.210101e-06 2.595917e-06 1.216649e-06 7.941390e-07
        -32 2.746047e-06 3.008968e-06 1.454558e-06 8.999136e-07
        -31 3.641468e-06 3.408901e-06 1.736468e-06 1.051369e-06
        -30 4.798804e-06 4.024394e-06 2.167371e-06 1.195431e-06
        -29 6.818930e-06 5.007839e-06 2.678565e-06 1.382227e-06
        -28 1.046306e-05 6.454697e-06 3.337197e-06 1.763530e-06
        -27 1.436052e-05 8.220381e-06 4.503465e-06 2.296311e-06
        -26 1.741775e-05 1.056710e-05 5.987363e-06 2.938968e-06
        -25 2.003360e-05 1.371880e-05 7.313668e-06 3.547215e-06
        -24 2.130732e-05 1.564142e-05 9.055849e-06 4.273528e-06
        -23 2.053850e-05 1.651987e-05 1.152501e-05 5.382876e-06
        -22 2.044209e-05 1.817052e-05 1.450337e-05 7.241615e-06
        -21 2.162576e-05 1.818605e-05 1.857352e-05 9.557311e-06
        -20 2.844217e-05 2.117999e-05 2.372379e-05 1.249048e-05
        -19 4.060457e-05 2.534474e-05 2.935986e-05 1.619055e-05
        -18 5.138337e-05 3.258794e-05 3.501066e-05 1.937123e-05
        -17 5.562573e-05 3.924644e-05 4.132470e-05 2.348131e-05
        -16 5.300673e-05 4.430464e-05 4.717416e-05 2.968793e-05
        -15 5.384745e-05 5.125080e-05 5.566686e-05 3.310657e-05
        -14 7.151514e-05 5.359752e-05 6.217868e-05 3.374830e-05
        -13 9.009263e-05 5.697615e-05 6.922847e-05 3.421082e-05
        -12 9.449892e-05 6.050955e-05 8.183855e-05 4.182786e-05
        -11 1.098974e-04 6.978342e-05 1.014271e-04 5.606054e-05
        -10 1.727164e-04 8.972007e-05 1.210389e-04 6.445070e-05
         -9 2.585302e-04 1.402102e-04 1.177719e-04 5.493345e-05
         -8 2.953648e-04 1.886478e-04 9.215038e-05 4.738092e-05
         -7 3.631730e-04 3.030582e-04 1.286339e-04 8.433462e-05
         -6 4.012044e-04 5.370012e-04 2.228312e-04 1.819402e-04
         -5 6.143206e-04 8.169532e-04 3.525722e-04 2.186995e-04
         -4 1.419786e-03 1.604845e-03 5.473724e-04 3.705059e-04
         -3 3.567756e-03 3.463847e-03 1.000802e-03 9.824294e-04
         -2 1.441598e-02 1.137245e-02 2.733195e-03 1.800788e-03
         -1 8.550645e-02 7.604168e-02 3.581444e-02 7.661548e-03
          0 2.063216e-01 2.063216e-01 2.063216e-01 7.672475e-02
          1 7.100629e-02 7.672475e-02 2.845475e-02 7.100629e-02
          2 9.243160e-03 1.078082e-02 1.877313e-03 5.751851e-03
          3 2.236896e-03 1.858359e-03 1.066598e-03 2.093746e-03
          4 1.353421e-03 1.702339e-03 4.712182e-04 9.666854e-04
          5 6.846060e-04 1.265360e-03 2.798845e-04 3.287105e-04
          6 2.776605e-04 5.694486e-04 3.208455e-04 2.821849e-04
          7 1.789825e-04 3.234786e-04 1.784416e-04 1.679477e-04
          8 1.681965e-04 2.585534e-04 9.034919e-05 1.005594e-04
          9 1.356722e-04 1.810282e-04 9.453692e-05 1.017798e-04
         10 6.896201e-05 9.132138e-05 9.219626e-05 1.031553e-04
         11 4.021900e-05 5.661236e-05 7.945628e-05 9.865194e-05
         12 4.250877e-05 5.631139e-05 6.706300e-05 8.186499e-05
         13 4.256273e-05 6.225092e-05 5.676789e-05 6.482989e-05
         14 3.510212e-05 6.511136e-05 5.355279e-05 5.490193e-05
         15 3.117365e-05 6.339744e-05 5.459266e-05 5.005492e-05
         16 3.060723e-05 5.673316e-05 5.448803e-05 4.721618e-05
         17 3.297843e-05 4.721586e-05 5.179055e-05 4.099168e-05
         18 3.344097e-05 4.195172e-05 4.410302e-05 3.765551e-05
         19 3.141949e-05 3.815725e-05 3.756061e-05 3.520262e-05
         20 3.008257e-05 3.719445e-05 3.121839e-05 3.184013e-05
         21 2.868132e-05 3.672572e-05 2.482961e-05 2.826983e-05
         22 2.992502e-05 3.639947e-05 2.002561e-05 2.383313e-05
         23 3.103404e-05 3.142195e-05 1.541226e-05 1.876580e-05
         24 3.046329e-05 2.791647e-05 1.180047e-05 1.516227e-05
         25 2.646174e-05 2.576934e-05 9.135659e-06 1.237515e-05
         26 2.173401e-05 2.147840e-05 7.260003e-06 1.030779e-05
         27 1.672409e-05 1.753391e-05 6.064872e-06 8.548068e-06
         28 1.134042e-05 1.402800e-05 4.771302e-06 6.995471e-06
         29 7.487217e-06 1.070742e-05 3.893892e-06 5.777436e-06
         30 5.542074e-06 7.847833e-06 3.256145e-06 4.721942e-06
         31 4.414611e-06 5.654058e-06 2.730495e-06 3.696052e-06
         32 3.642827e-06 4.159574e-06 2.254948e-06 2.997851e-06
         33 3.177100e-06 3.297684e-06 1.751615e-06 2.484119e-06
         34 2.840257e-06 2.926068e-06 1.369939e-06 2.019639e-06
         35 2.560439e-06 2.766512e-06 1.080701e-06 1.611914e-06
         36 2.324985e-06 2.617747e-06 8.348535e-07 1.248016e-06
         37 2.192696e-06 2.452464e-06 6.529912e-07 9.242192e-07
         38 2.217583e-06 2.317860e-06 5.095244e-07 7.112639e-07
         39 2.240192e-06 2.188474e-06 4.265851e-07 5.655750e-07
         40 2.202992e-06 2.007319e-06 3.886261e-07 4.391638e-07
         41 2.092045e-06 1.789827e-06 3.323024e-07 3.629189e-07
         42 1.937492e-06 1.562540e-06 2.832616e-07 3.454740e-07
         43 1.857062e-06 1.373471e-06 2.768549e-07 3.602938e-07
         44 1.699306e-06 1.176403e-06 2.856080e-07 3.661359e-07
         45 1.582293e-06 1.016751e-06 2.739425e-07 3.699184e-07
         46 1.467519e-06 8.470031e-07 2.670801e-07 3.832084e-07
         47 1.230047e-06 7.397692e-07 2.597967e-07 3.912202e-07
         48 1.056365e-06 6.497944e-07 2.384722e-07 4.084609e-07
         49 9.772099e-07 5.785591e-07 2.251311e-07 3.967212e-07
         50 8.796019e-07 5.284118e-07 2.074768e-07 3.936244e-07
         51 8.038447e-07 4.616556e-07 1.901482e-07 3.824316e-07
         52 7.651898e-07 4.289710e-07 1.665258e-07 3.596564e-07
         53 6.929433e-07 4.115636e-07 1.452073e-07 3.581793e-07
         54 6.451230e-07 3.742449e-07 1.381334e-07 3.166500e-07
         55 6.061312e-07 3.445093e-07 1.135264e-07 2.937486e-07
         56 5.379551e-07 3.122640e-07 1.097201e-07 2.695606e-07
         57 5.244777e-07 2.865854e-07 8.919730e-08 2.522453e-07
         58 4.460685e-07 2.815036e-07 9.040171e-08 2.325448e-07
         59 4.313156e-07 2.580166e-07 7.647155e-08 2.181098e-07
         60 3.703701e-07 2.651873e-07 7.603095e-08 1.961301e-07
         61 3.492293e-07 2.448639e-07 6.320976e-08 1.827984e-07
         62 3.234857e-07 2.455685e-07 6.191232e-08 1.614667e-07
         63 3.092630e-07 2.387169e-07 4.882657e-08 1.497678e-07
         64 2.924352e-07 2.376442e-07 4.988052e-08 1.313752e-07
         65 2.817189e-07 2.317952e-07 3.834335e-08 1.183435e-07
         66 2.768349e-07 2.307203e-07 4.035937e-08 1.033253e-07
         67 2.626767e-07 2.229613e-07 3.230556e-08 9.057563e-08
         68 2.651962e-07 2.143706e-07 3.286438e-08 8.128956e-08
         69 2.495686e-07 2.096157e-07 2.789812e-08 7.331807e-08
         70 2.455779e-07 2.085712e-07 2.662094e-08 6.466387e-08
         71 2.381922e-07 2.008913e-07 2.379116e-08 5.781170e-08
         72 2.246332e-07 2.016459e-07 2.086143e-08 4.885090e-08
         73 2.142486e-07 1.826089e-07 1.923973e-08 4.250618e-08
         74 1.881995e-07 1.767800e-07 1.852603e-08 3.568911e-08
         75 1.857136e-07 1.623410e-07 1.689235e-08 3.582061e-08
         76 1.689715e-07 1.601782e-07 1.589969e-08 2.969520e-08
         77 1.539300e-07 1.487211e-07 1.614969e-08 3.051299e-08
         78 1.501351e-07 1.378079e-07 1.496901e-08 2.762255e-08
         79 1.256631e-07 1.303404e-07 1.577874e-08 2.324064e-08
         80 1.246553e-07 1.171511e-07 1.498917e-08 2.328986e-08
         81 1.074109e-07 1.105173e-07 1.459577e-08 2.129260e-08
         82 1.004136e-07 1.034621e-07 1.443281e-08 2.376441e-08
         83 8.931753e-08 8.940865e-08 1.483688e-08 2.071368e-08
         84 8.540527e-08 8.277899e-08 1.419445e-08 2.112368e-08
         85 8.095077e-08 7.113600e-08 1.365613e-08 2.183678e-08
         86 7.118551e-08 6.179439e-08 1.435966e-08 1.951189e-08
         87 6.790957e-08 5.436741e-08 1.398680e-08 2.222149e-08
         88 6.337162e-08 4.709210e-08 1.297689e-08 2.092762e-08
         89 5.944692e-08 4.352694e-08 1.255972e-08 1.930407e-08
         90 5.765403e-08 3.984352e-08 1.361900e-08 2.242954e-08
         91 5.363773e-08 3.340034e-08 1.171625e-08 1.928005e-08
         92 5.021828e-08 3.132403e-08 1.113943e-08 1.800366e-08
         93 4.798570e-08 2.863792e-08 1.259823e-08 2.044438e-08
         94 4.341681e-08 2.491916e-08 9.825023e-09 1.790145e-08
         95 4.264761e-08 2.370608e-08 4.611082e-09 1.635734e-08
         96 4.137630e-08 2.176161e-08 9.145936e-10 1.829632e-08
         97 3.638991e-08 1.976396e-08 4.914376e-11 1.655083e-08
         98 3.641055e-08 1.889078e-08 0.000000e+00 1.460491e-08
         99 3.447196e-08 1.719715e-08 0.000000e+00 1.577357e-08
        100 2.866801e-08 1.432161e-08 0.000000e+00 1.487952e-08
        101 2.441288e-08 8.369092e-09 0.000000e+00 1.288022e-08
        102 7.577247e-09 1.739511e-09 0.000000e+00 1.000997e-08
        103 8.855194e-10 9.982937e-11 0.000000e+00 2.340273e-09
        104 3.453296e-11 0.000000e+00 0.000000e+00 1.221243e-10
        105 0.000000e+00 0.000000e+00 0.000000e+00 0.000000e+00
        106 0.000000e+00 0.000000e+00 0.000000e+00 0.000000e+00
        107 0.000000e+00 0.000000e+00 0.000000e+00 0.000000e+00
        108 0.000000e+00 0.000000e+00 0.000000e+00 0.000000e+00
        109 0.000000e+00 0.000000e+00 0.000000e+00 0.000000e+00
        110 0.000000e+00 0.000000e+00 0.000000e+00 0.000000e+00
        111 0.000000e+00 0.000000e+00 0.000000e+00 0.000000e+00
        112 0.000000e+00 0.000000e+00 0.000000e+00 0.000000e+00
        113 0.000000e+00 0.000000e+00 0.000000e+00 0.000000e+00
        114 0.000000e+00 0.000000e+00 0.000000e+00 0.000000e+00
        115 0.000000e+00 0.000000e+00 0.000000e+00 0.000000e+00
        116 0.000000e+00 0.000000e+00 0.000000e+00 0.000000e+00
        117 0.000000e+00 0.000000e+00 0.000000e+00 0.000000e+00
        118 0.000000e+00 0.000000e+00 0.000000e+00 0.000000e+00
        119 0.000000e+00 0.000000e+00 0.000000e+00 0.000000e+00
