# Cuts through the PSF

# Note that for the two diagonal cuts, the positions have to be
# computed as x*sqrt(2).

#x [pixels]     psf(x,0)     psf(0,x)     psf(x,x)    psf(x,-x)
       -514 6.143378e-10 6.210537e-10 5.848990e-09 5.848990e-09
       -513 5.686024e-10 8.614038e-10 8.083319e-09 5.061253e-09
       -512 8.691224e-10 9.312972e-10 9.128013e-09 4.921064e-09
       -511 1.228448e-09 9.428643e-10 7.039268e-09 5.745910e-09
       -510 1.205381e-09 1.227792e-09 6.454068e-09 5.924257e-09
       -509 7.354865e-10 1.004788e-09 7.632003e-09 5.607044e-09
       -508 5.444752e-10 7.796902e-10 7.983199e-09 6.197959e-09
       -507 8.185349e-10 1.410623e-09 6.093771e-09 6.647478e-09
       -506 8.896426e-10 1.660440e-09 5.361340e-09 6.039848e-09
       -505 7.493088e-10 8.731695e-10 6.429132e-09 4.308167e-09
       -504 8.529507e-10 5.276628e-10 7.840881e-09 4.545332e-09
       -503 1.048358e-09 7.915597e-10 7.951544e-09 5.803272e-09
       -502 9.043932e-10 8.500577e-10 7.505695e-09 6.885055e-09
       -501 5.973553e-10 8.634170e-10 7.296612e-09 5.771486e-09
       -500 6.988780e-10 1.347351e-09 8.790596e-09 5.951845e-09
       -499 9.700399e-10 1.266901e-09 6.281841e-09 6.197809e-09
       -498 7.715929e-10 7.445465e-10 5.336751e-09 6.144379e-09
       -497 5.357624e-10 9.346328e-10 6.780722e-09 4.996404e-09
       -496 8.396669e-10 1.096736e-09 8.901354e-09 5.173844e-09
       -495 1.229265e-09 9.048183e-10 7.717361e-09 5.713666e-09
       -494 1.204962e-09 1.200650e-09 6.617998e-09 5.632162e-09
       -493 8.939717e-10 1.255172e-09 7.276499e-09 5.522490e-09
       -492 7.414224e-10 1.100446e-09 7.693119e-09 6.041909e-09
       -491 8.790218e-10 1.678953e-09 6.491247e-09 6.360727e-09
       -490 9.034869e-10 1.798539e-09 5.490155e-09 5.923322e-09
       -489 8.129185e-10 9.522130e-10 5.898105e-09 4.269185e-09
       -488 9.950683e-10 7.730621e-10 7.353914e-09 4.065812e-09
       -487 1.206963e-09 8.929639e-10 8.180752e-09 4.982994e-09
       -486 1.016532e-09 6.616330e-10 7.299405e-09 6.408673e-09
       -485 7.961312e-10 9.118693e-10 6.541837e-09 6.118272e-09
       -484 9.882761e-10 1.680537e-09 7.298319e-09 6.034500e-09
       -483 1.139026e-09 1.606716e-09 5.847415e-09 5.734731e-09
       -482 8.754820e-10 1.337684e-09 5.792201e-09 5.287614e-09
       -481 7.031195e-10 1.599553e-09 7.068941e-09 5.034607e-09
       -480 9.525233e-10 1.286863e-09 8.334044e-09 5.938950e-09
       -479 1.387082e-09 9.285108e-10 7.118770e-09 5.453922e-09
       -478 1.514196e-09 1.350583e-09 6.690371e-09 4.815093e-09
       -477 1.005019e-09 1.428980e-09 6.784897e-09 5.267761e-09
       -476 7.279753e-10 1.562563e-09 6.977258e-09 6.154828e-09
       -475 1.225624e-09 2.199844e-09 6.166226e-09 6.426037e-09
       -474 1.359640e-09 1.721745e-09 5.488138e-09 4.991687e-09
       -473 1.055670e-09 9.881325e-10 6.168510e-09 3.817209e-09
       -472 1.319981e-09 1.528643e-09 7.657273e-09 3.883331e-09
       -471 1.502211e-09 1.478768e-09 7.923588e-09 5.424938e-09
       -470 1.043573e-09 8.115534e-10 5.861768e-09 6.262467e-09
       -469 9.433405e-10 1.642799e-09 5.765021e-09 6.000695e-09
       -468 1.282017e-09 2.581956e-09 5.484330e-09 5.372622e-09
       -467 1.263199e-09 2.374559e-09 5.876145e-09 4.987042e-09
       -466 9.528598e-10 2.198029e-09 6.693234e-09 5.046768e-09
       -465 8.469475e-10 1.645432e-09 7.272932e-09 5.888246e-09
       -464 1.269013e-09 9.852855e-10 6.801946e-09 5.316207e-09
       -463 1.683065e-09 1.435667e-09 6.600941e-09 4.158359e-09
       -462 1.272316e-09 1.768329e-09 6.350059e-09 4.961484e-09
       -461 1.104341e-09 1.927869e-09 6.419422e-09 5.977017e-09
       -460 1.867953e-09 2.413344e-09 5.971717e-09 6.166456e-09
       -459 1.874297e-09 1.652737e-09 5.394363e-09 4.852159e-09
       -458 1.122948e-09 1.150533e-09 5.535692e-09 3.617370e-09
       -457 1.261561e-09 2.303370e-09 6.805656e-09 3.401737e-09
       -456 1.611538e-09 2.021774e-09 7.162261e-09 4.992151e-09
       -455 1.267424e-09 1.059042e-09 5.423015e-09 6.115058e-09
       -454 1.106167e-09 2.441491e-09 5.048512e-09 5.868242e-09
       -453 1.363899e-09 3.622213e-09 4.695594e-09 4.752199e-09
       -452 1.400842e-09 3.018991e-09 6.093073e-09 4.513681e-09
       -451 1.086094e-09 2.402746e-09 6.774964e-09 5.108604e-09
       -450 9.527349e-10 1.768318e-09 6.505624e-09 6.101498e-09
       -449 1.435673e-09 1.477762e-09 5.791209e-09 4.564487e-09
       -448 1.693154e-09 1.907086e-09 5.433365e-09 3.694825e-09
       -447 1.314579e-09 2.286250e-09 5.593764e-09 5.143993e-09
       -446 1.640044e-09 2.779072e-09 5.853873e-09 5.989734e-09
       -445 2.350166e-09 2.264034e-09 5.374424e-09 5.200955e-09
       -444 1.860985e-09 1.137685e-09 4.839376e-09 3.619717e-09
       -443 1.248167e-09 2.203418e-09 5.035301e-09 2.804950e-09
       -442 1.691004e-09 2.967254e-09 6.755977e-09 3.719372e-09
       -441 1.830070e-09 1.670568e-09 5.800972e-09 5.329803e-09
       -440 1.222912e-09 2.444619e-09 4.827179e-09 5.730331e-09
       -439 1.144532e-09 4.273989e-09 3.994399e-09 4.769038e-09
       -438 1.747039e-09 3.655857e-09 4.998729e-09 4.290387e-09
       -437 1.819171e-09 2.890532e-09 6.454022e-09 4.594504e-09
       -436 1.215284e-09 2.694470e-09 5.707628e-09 5.484466e-09
       -435 1.434590e-09 1.929911e-09 5.100299e-09 4.793725e-09
       -434 2.389201e-09 1.950574e-09 4.643827e-09 3.466142e-09
       -433 2.673572e-09 3.328458e-09 5.357549e-09 4.522390e-09
       -432 3.309605e-09 4.573355e-09 5.619784e-09 5.147692e-09
       -431 4.000544e-09 3.309204e-09 4.988563e-09 4.937986e-09
       -430 2.733603e-09 1.313156e-09 4.138870e-09 3.777874e-09
       -429 1.614450e-09 2.912905e-09 4.068541e-09 2.691441e-09
       -428 2.279698e-09 3.970861e-09 5.732609e-09 3.162496e-09
       -427 2.387208e-09 2.194887e-09 5.327916e-09 4.743996e-09
       -426 1.311134e-09 3.102359e-09 4.518127e-09 5.144367e-09
       -425 1.341879e-09 5.146299e-09 3.388498e-09 4.253609e-09
       -424 2.281597e-09 4.045071e-09 4.540113e-09 3.655193e-09
       -423 2.030435e-09 3.314437e-09 6.594771e-09 4.583533e-09
       -422 1.229331e-09 3.317390e-09 5.475510e-09 5.646125e-09
       -421 2.039451e-09 1.916802e-09 4.301582e-09 4.204721e-09
       -420 3.429707e-09 2.363600e-09 3.701516e-09 2.918246e-09
       -419 4.093189e-09 5.293019e-09 5.528781e-09 4.246504e-09
       -418 5.011453e-09 5.358261e-09 5.882435e-09 5.041412e-09
       -417 4.803990e-09 2.051010e-09 4.695815e-09 4.838167e-09
       -416 2.590606e-09 2.022031e-09 3.521682e-09 3.346671e-09
       -415 1.971206e-09 4.908784e-09 4.724906e-09 2.430860e-09
       -414 3.062559e-09 3.865899e-09 5.935203e-09 3.508814e-09
       -413 2.504184e-09 2.270300e-09 4.894959e-09 4.577718e-09
       -412 1.815767e-09 4.599316e-09 4.140677e-09 4.795057e-09
       -411 3.012422e-09 5.286197e-09 3.573322e-09 4.390519e-09
       -410 3.111951e-09 3.945867e-09 5.932835e-09 4.352249e-09
       -409 1.548709e-09 4.253118e-09 5.742478e-09 4.738982e-09
       -408 1.984488e-09 3.385353e-09 4.805312e-09 4.736806e-09
       -407 3.833310e-09 2.599127e-09 3.591919e-09 3.665442e-09
       -406 4.391772e-09 5.794091e-09 4.656817e-09 3.694381e-09
       -405 5.294134e-09 7.126256e-09 6.582836e-09 4.376012e-09
       -404 5.945386e-09 3.119963e-09 7.208532e-09 5.228683e-09
       -403 3.550357e-09 2.118306e-09 6.252953e-09 5.346597e-09
       -402 1.992202e-09 5.667073e-09 5.755474e-09 4.187242e-09
       -401 3.488171e-09 5.197324e-09 6.512725e-09 3.955699e-09
       -400 3.355545e-09 2.964140e-09 6.091632e-09 4.521743e-09
       -399 2.280053e-09 4.955944e-09 6.108945e-09 5.600233e-09
       -398 3.632789e-09 5.595606e-09 4.750724e-09 5.376929e-09
       -397 4.000228e-09 3.981107e-09 6.275047e-09 5.259697e-09
       -396 2.208535e-09 4.745613e-09 6.069367e-09 4.758878e-09
       -395 2.495434e-09 4.105731e-09 5.802615e-09 5.019165e-09
       -394 4.321411e-09 3.141946e-09 4.940301e-09 4.762173e-09
       -393 5.239485e-09 6.847936e-09 6.594897e-09 5.062989e-09
       -392 6.577553e-09 7.575876e-09 8.840005e-09 5.808811e-09
       -391 6.588170e-09 3.210801e-09 9.832370e-09 6.658528e-09
       -390 3.652705e-09 3.766175e-09 8.795072e-09 6.863230e-09
       -389 2.869808e-09 6.608179e-09 9.613942e-09 7.001314e-09
       -388 4.682041e-09 4.539357e-09 1.023754e-08 7.153197e-09
       -387 4.121421e-09 3.900175e-09 1.002210e-08 7.207959e-09
       -386 3.273832e-09 5.513166e-09 8.474931e-09 6.997977e-09
       -385 4.423815e-09 3.943620e-09 7.926878e-09 6.723064e-09
       -384 3.997546e-09 3.986592e-09 9.015284e-09 7.396727e-09
       -383 2.688167e-09 5.439071e-09 8.447559e-09 7.248031e-09
       -382 3.677578e-09 3.615314e-09 8.241904e-09 7.598421e-09
       -381 5.336083e-09 5.181821e-09 8.737262e-09 7.155119e-09
       -380 6.606507e-09 8.644498e-09 1.260086e-08 8.645831e-09
       -379 7.567264e-09 5.632350e-09 1.507379e-08 1.014026e-08
       -378 6.302430e-09 4.000176e-09 1.419588e-08 1.062640e-08
       -377 4.793419e-09 7.047212e-09 1.327829e-08 1.013974e-08
       -376 5.732730e-09 6.117163e-09 1.518219e-08 1.050770e-08
       -375 5.804920e-09 4.535274e-09 1.619983e-08 1.105525e-08
       -374 4.599942e-09 5.142531e-09 1.514874e-08 1.146557e-08
       -373 4.924028e-09 3.533170e-09 1.324199e-08 1.043347e-08
       -372 4.598243e-09 4.021228e-09 1.368574e-08 1.050874e-08
       -371 3.631549e-09 5.758466e-09 1.340719e-08 1.050734e-08
       -370 5.025322e-09 3.955804e-09 1.386987e-08 1.196639e-08
       -369 6.447121e-09 5.849724e-09 1.414810e-08 1.179774e-08
       -368 6.820229e-09 9.157803e-09 1.840817e-08 1.281464e-08
       -367 7.883100e-09 6.245442e-09 2.171930e-08 1.428022e-08
       -366 7.507305e-09 6.479092e-09 2.164503e-08 1.473567e-08
       -365 6.373271e-09 1.024420e-08 2.113925e-08 1.516981e-08
       -364 7.210714e-09 7.505964e-09 2.311756e-08 1.638912e-08
       -363 7.203685e-09 4.475989e-09 2.369010e-08 1.706580e-08
       -362 5.974388e-09 4.890784e-09 2.149457e-08 1.682887e-08
       -361 5.494702e-09 4.230007e-09 2.080316e-08 1.611313e-08
       -360 4.318558e-09 5.487089e-09 2.202184e-08 1.731589e-08
       -359 4.296643e-09 7.013917e-09 2.238964e-08 1.883025e-08
       -358 6.334087e-09 6.755630e-09 2.245285e-08 1.928373e-08
       -357 6.699660e-09 8.426283e-09 2.397236e-08 1.827537e-08
       -356 7.026374e-09 8.088017e-09 3.016184e-08 2.034931e-08
       -355 8.591337e-09 7.373643e-09 3.326787e-08 2.299202e-08
       -354 7.934331e-09 1.116477e-08 3.313741e-08 2.421882e-08
       -353 7.262044e-09 1.063542e-08 3.272846e-08 2.381764e-08
       -352 8.449698e-09 5.534460e-09 3.455883e-08 2.303456e-08
       -351 8.382878e-09 4.658391e-09 3.364055e-08 2.303484e-08
       -350 7.430014e-09 5.121209e-09 3.166436e-08 2.343859e-08
       -349 6.154437e-09 5.406629e-09 3.192572e-08 2.513700e-08
       -348 5.032370e-09 7.626397e-09 3.227969e-08 2.743206e-08
       -347 5.804868e-09 9.532506e-09 3.428734e-08 2.883580e-08
       -346 5.972679e-09 1.063680e-08 3.684950e-08 2.910037e-08
       -345 6.033653e-09 9.728665e-09 4.400996e-08 3.135293e-08
       -344 8.741599e-09 8.795406e-09 4.961392e-08 3.364506e-08
       -343 9.860921e-09 1.165722e-08 5.038573e-08 3.436401e-08
       -342 8.577661e-09 1.195705e-08 4.927861e-08 3.430056e-08
       -341 9.110017e-09 7.331179e-09 5.030539e-08 3.411331e-08
       -340 1.000006e-08 4.945611e-09 4.969306e-08 3.451612e-08
       -339 9.495215e-09 5.287856e-09 4.570656e-08 3.332543e-08
       -338 8.124331e-09 5.904866e-09 4.404413e-08 3.389673e-08
       -337 6.383593e-09 7.441002e-09 4.484941e-08 3.616716e-08
       -336 5.887395e-09 1.055531e-08 5.066592e-08 3.926568e-08
       -335 6.158815e-09 1.340254e-08 5.556289e-08 4.189893e-08
       -334 7.258298e-09 1.184037e-08 6.182388e-08 4.385153e-08
       -333 1.015536e-08 1.015925e-08 6.598903e-08 4.334296e-08
       -332 1.131075e-08 1.345395e-08 6.878665e-08 4.517681e-08
       -331 9.782276e-09 1.365229e-08 6.951944e-08 4.896858e-08
       -330 9.663522e-09 7.944719e-09 6.899955e-08 5.035689e-08
       -329 1.058703e-08 4.806409e-09 6.370315e-08 4.658998e-08
       -328 1.005715e-08 5.536293e-09 5.937276e-08 4.302550e-08
       -327 8.496004e-09 6.152206e-09 5.933674e-08 4.648782e-08
       -326 7.005738e-09 8.292147e-09 6.294472e-08 5.158007e-08
       -325 6.597045e-09 1.379095e-08 6.913260e-08 5.283383e-08
       -324 7.620775e-09 1.537238e-08 7.468117e-08 5.248557e-08
       -323 9.949836e-09 1.081669e-08 8.129177e-08 5.351091e-08
       -322 1.236719e-08 1.154373e-08 8.457470e-08 5.684913e-08
       -321 1.167695e-08 1.588856e-08 8.717298e-08 6.229716e-08
       -320 9.255433e-09 1.229139e-08 8.581426e-08 6.379879e-08
       -319 9.928717e-09 6.796309e-09 8.210997e-08 5.997462e-08
       -318 1.130951e-08 6.984516e-09 7.700945e-08 5.476608e-08
       -317 9.709822e-09 6.934343e-09 7.714485e-08 5.824750e-08
       -316 8.252013e-09 7.497803e-09 7.973042e-08 6.507455e-08
       -315 8.573939e-09 1.428433e-08 8.547292e-08 6.575432e-08
       -314 9.194562e-09 1.843199e-08 9.096807e-08 6.278206e-08
       -313 1.102947e-08 1.284030e-08 9.778700e-08 6.380193e-08
       -312 1.333788e-08 1.079857e-08 1.007267e-07 6.958344e-08
       -311 1.266851e-08 1.549405e-08 1.028681e-07 7.550179e-08
       -310 9.994905e-09 1.306854e-08 9.918109e-08 7.393074e-08
       -309 1.000872e-08 7.903550e-09 9.522626e-08 6.859020e-08
       -308 1.171234e-08 8.937905e-09 9.190534e-08 6.628878e-08
       -307 1.061251e-08 7.700969e-09 9.171174e-08 7.406150e-08
       -306 8.222171e-09 7.538299e-09 9.385843e-08 8.033653e-08
       -305 8.284025e-09 1.623238e-08 9.943287e-08 7.583961e-08
       -304 1.029260e-08 1.971432e-08 1.098654e-07 7.311570e-08
       -303 1.351716e-08 1.234123e-08 1.174994e-07 8.010279e-08
       -302 1.637941e-08 1.044766e-08 1.175507e-07 9.066989e-08
       -301 1.565334e-08 1.372172e-08 1.160991e-07 9.185101e-08
       -300 1.217352e-08 1.070773e-08 1.115267e-07 8.237727e-08
       -299 1.121268e-08 9.240833e-09 1.111822e-07 7.768003e-08
       -298 1.253684e-08 1.163600e-08 1.073527e-07 8.307959e-08
       -297 1.061575e-08 8.034766e-09 1.031604e-07 9.261997e-08
       -296 7.622889e-09 8.310464e-09 1.033145e-07 8.913040e-08
       -295 9.556289e-09 1.868340e-08 1.130650e-07 8.015487e-08
       -294 1.373314e-08 1.923372e-08 1.275282e-07 8.597686e-08
       -293 1.704930e-08 9.350867e-09 1.289007e-07 1.006795e-07
       -292 2.008898e-08 9.376145e-09 1.259946e-07 1.070980e-07
       -291 1.803374e-08 1.284532e-08 1.220821e-07 9.634593e-08
       -290 1.201583e-08 1.029197e-08 1.229574e-07 8.675924e-08
       -289 1.123955e-08 1.267332e-08 1.257164e-07 9.304510e-08
       -288 1.258888e-08 1.343623e-08 1.189102e-07 1.067677e-07
       -287 1.032769e-08 7.220768e-09 1.129841e-07 1.052544e-07
       -286 1.070944e-08 1.240605e-08 1.152874e-07 8.810203e-08
       -285 1.387944e-08 1.930686e-08 1.319885e-07 8.909946e-08
       -284 1.711259e-08 9.905293e-09 1.369783e-07 1.101124e-07
       -283 2.246808e-08 6.828717e-09 1.310647e-07 1.226269e-07
       -282 2.290490e-08 1.449821e-08 1.237454e-07 1.070025e-07
       -281 1.534745e-08 1.334879e-08 1.239629e-07 8.681511e-08
       -280 1.264367e-08 1.346082e-08 1.354877e-07 9.519221e-08
       -279 1.429049e-08 1.578531e-08 1.304919e-07 1.207006e-07
       -278 1.183331e-08 1.125568e-08 1.176417e-07 1.219761e-07
       -277 1.203556e-08 1.454268e-08 1.131096e-07 9.355206e-08
       -276 1.642490e-08 1.753881e-08 1.333917e-07 9.040001e-08
       -275 2.145080e-08 7.573523e-09 1.440966e-07 1.213824e-07
       -274 2.733659e-08 6.796516e-09 1.354450e-07 1.397799e-07
       -273 2.532145e-08 1.362553e-08 1.239681e-07 1.133888e-07
       -272 1.664830e-08 1.436071e-08 1.286519e-07 8.413618e-08
       -271 1.669724e-08 1.988245e-08 1.463493e-07 1.003955e-07
       -270 1.986139e-08 2.213624e-08 1.372181e-07 1.332031e-07
       -269 1.655705e-08 1.726798e-08 1.173450e-07 1.242969e-07
       -268 1.552811e-08 1.934123e-08 1.148156e-07 8.969054e-08
       -267 2.154049e-08 1.682778e-08 1.405748e-07 9.778284e-08
       -266 3.345973e-08 8.473715e-09 1.437184e-07 1.348096e-07
       -265 4.115409e-08 9.884613e-09 1.285936e-07 1.378842e-07
       -264 3.088619e-08 1.255310e-08 1.188810e-07 9.782157e-08
       -263 1.958391e-08 1.740389e-08 1.376056e-07 8.409221e-08
       -262 2.396258e-08 2.693518e-08 1.467275e-07 1.159847e-07
       -261 2.631882e-08 2.571467e-08 1.303432e-07 1.355603e-07
       -260 1.970167e-08 2.206169e-08 1.156309e-07 1.078456e-07
       -259 1.838501e-08 2.238502e-08 1.308620e-07 9.439784e-08
       -258 3.069209e-08 1.588052e-08 1.459631e-07 1.234583e-07
       -257 4.822776e-08 1.268710e-08 1.325777e-07 1.411485e-07
       -256 4.749159e-08 1.563694e-08 1.190555e-07 1.128664e-07
       -255 3.120427e-08 1.743655e-08 1.299894e-07 8.673701e-08
       -254 2.878950e-08 2.550919e-08 1.468188e-07 1.034581e-07
       -253 3.253460e-08 3.151774e-08 1.333570e-07 1.262987e-07
       -252 2.410800e-08 2.939132e-08 1.165984e-07 1.098580e-07
       -251 1.945601e-08 2.813198e-08 1.224582e-07 9.267191e-08
       -250 3.091463e-08 2.319445e-08 1.377205e-07 1.137265e-07
       -249 4.690848e-08 1.781371e-08 1.271076e-07 1.312050e-07
       -248 4.795811e-08 1.937972e-08 1.139592e-07 1.105179e-07
       -247 3.687411e-08 2.093938e-08 1.232813e-07 8.494526e-08
       -246 3.869112e-08 2.738822e-08 1.442481e-07 9.626861e-08
       -245 4.230257e-08 3.748970e-08 1.353745e-07 1.175263e-07
       -244 2.721374e-08 3.696862e-08 1.166140e-07 1.031108e-07
       -243 1.979067e-08 3.076088e-08 1.170713e-07 8.613976e-08
       -242 3.511915e-08 2.522422e-08 1.297168e-07 1.009725e-07
       -241 4.834484e-08 2.078319e-08 1.198767e-07 1.149946e-07
       -240 4.611947e-08 2.190369e-08 1.050890e-07 9.848051e-08
       -239 4.415525e-08 2.573415e-08 1.125124e-07 7.513296e-08
       -238 5.003447e-08 3.346820e-08 1.297411e-07 8.573068e-08
       -237 4.413069e-08 4.240572e-08 1.242928e-07 1.035242e-07
       -236 2.871733e-08 3.895629e-08 1.077896e-07 8.977766e-08
       -235 3.242337e-08 2.912945e-08 1.076804e-07 7.654047e-08
       -234 4.681133e-08 2.438632e-08 1.167136e-07 8.377764e-08
       -233 4.870173e-08 2.181098e-08 1.073880e-07 9.432921e-08
       -232 4.594072e-08 2.235336e-08 9.746667e-08 8.101300e-08
       -231 4.863914e-08 3.105939e-08 1.038847e-07 6.683635e-08
       -230 4.890276e-08 4.392466e-08 1.140603e-07 7.691984e-08
       -229 4.113122e-08 4.625195e-08 1.070235e-07 8.120919e-08
       -228 3.899646e-08 3.388827e-08 9.558892e-08 7.123474e-08
       -227 4.755307e-08 2.560719e-08 9.541687e-08 6.300942e-08
       -226 5.166999e-08 2.714600e-08 9.277959e-08 7.012757e-08
       -225 4.950699e-08 2.881094e-08 8.379717e-08 7.152526e-08
       -224 4.888044e-08 3.078724e-08 8.415697e-08 5.991142e-08
       -223 4.742831e-08 3.975573e-08 9.611406e-08 6.001937e-08
       -222 4.403654e-08 4.571480e-08 9.645014e-08 6.041741e-08
       -221 4.356489e-08 3.606473e-08 8.728609e-08 6.335758e-08
       -220 4.517955e-08 2.352406e-08 7.952556e-08 5.974158e-08
       -219 4.529797e-08 2.599448e-08 7.539018e-08 5.770122e-08
       -218 4.967890e-08 3.527601e-08 7.200831e-08 5.574007e-08
       -217 5.371136e-08 3.464482e-08 7.168361e-08 5.032805e-08
       -216 4.571486e-08 3.554079e-08 8.092007e-08 5.631314e-08
       -215 4.642126e-08 4.147245e-08 7.246388e-08 4.617873e-08
       -214 6.272208e-08 3.318249e-08 6.930969e-08 4.629435e-08
       -213 5.685496e-08 2.116892e-08 6.409530e-08 4.854465e-08
       -212 3.487359e-08 2.823722e-08 5.864763e-08 4.780167e-08
       -211 4.322310e-08 4.097053e-08 6.068129e-08 4.002782e-08
       -210 5.761635e-08 4.128288e-08 6.305291e-08 3.823917e-08
       -209 4.676190e-08 4.319750e-08 7.040002e-08 5.280020e-08
       -208 5.730246e-08 4.261400e-08 5.250288e-08 3.599638e-08
       -207 8.443575e-08 2.560967e-08 5.509428e-08 3.258619e-08
       -206 6.614786e-08 2.098175e-08 5.264082e-08 3.546162e-08
       -205 4.266082e-08 4.453826e-08 5.065678e-08 4.423493e-08
       -204 6.085889e-08 6.212430e-08 4.862603e-08 3.244702e-08
       -203 5.931192e-08 5.573505e-08 5.270340e-08 3.720660e-08
       -202 4.666904e-08 4.724059e-08 5.676775e-08 3.879832e-08
       -201 8.169701e-08 3.713160e-08 4.673275e-08 2.661215e-08
       -200 9.792166e-08 2.323436e-08 4.569425e-08 2.953415e-08
       -199 6.487305e-08 3.750495e-08 4.305691e-08 3.665982e-08
       -198 6.118687e-08 7.524902e-08 5.034424e-08 3.898703e-08
       -197 6.545382e-08 8.376347e-08 6.046850e-08 3.068518e-08
       -196 4.568236e-08 6.438592e-08 7.320988e-08 3.982434e-08
       -195 6.920924e-08 4.915166e-08 5.954174e-08 3.270144e-08
       -194 1.038681e-07 3.550706e-08 4.941594e-08 3.569881e-08
       -193 8.483943e-08 4.191213e-08 4.488411e-08 3.576386e-08
       -192 7.150851e-08 8.138004e-08 6.470579e-08 4.198917e-08
       -191 7.461527e-08 1.018348e-07 8.212089e-08 3.782129e-08
       -190 5.484739e-08 8.036634e-08 9.592932e-08 5.501052e-08
       -189 6.247130e-08 5.509709e-08 7.917778e-08 4.928640e-08
       -188 9.415036e-08 4.269975e-08 6.079415e-08 4.137826e-08
       -187 9.295174e-08 5.104760e-08 6.174238e-08 3.444282e-08
       -186 9.053052e-08 8.542637e-08 8.886212e-08 4.118968e-08
       -185 9.035040e-08 1.097456e-07 1.001945e-07 5.060837e-08
       -184 6.118849e-08 9.658759e-08 1.080240e-07 7.062021e-08
       -183 6.326834e-08 6.883296e-08 1.093617e-07 6.128011e-08
       -182 9.934421e-08 5.301665e-08 9.928195e-08 4.219421e-08
       -181 1.013788e-07 6.070732e-08 9.397233e-08 3.875006e-08
       -180 9.668243e-08 9.239010e-08 1.125732e-07 5.881250e-08
       -179 9.396270e-08 1.181949e-07 1.212640e-07 7.437022e-08
       -178 6.203895e-08 1.064337e-07 1.505010e-07 8.348271e-08
       -177 5.985455e-08 7.687225e-08 1.775158e-07 7.919910e-08
       -176 9.372724e-08 6.350650e-08 1.551295e-07 6.897135e-08
       -175 1.005550e-07 8.019910e-08 1.316618e-07 7.780972e-08
       -174 9.573601e-08 1.212914e-07 1.395085e-07 9.628319e-08
       -173 8.172204e-08 1.354518e-07 1.737982e-07 1.013521e-07
       -172 5.310804e-08 9.938555e-08 2.400818e-07 1.146409e-07
       -171 5.026851e-08 7.200305e-08 2.280466e-07 1.158679e-07
       -170 7.714556e-08 8.067475e-08 1.733806e-07 1.115962e-07
       -169 9.278204e-08 1.099830e-07 1.619510e-07 1.190727e-07
       -168 8.101515e-08 1.393221e-07 2.018166e-07 1.261757e-07
       -167 5.505317e-08 1.230663e-07 2.856517e-07 1.495344e-07
       -166 4.877565e-08 8.635243e-08 3.016652e-07 1.588527e-07
       -165 7.146445e-08 9.213595e-08 2.322576e-07 1.425631e-07
       -164 8.797040e-08 1.185309e-07 2.131216e-07 1.467191e-07
       -163 8.648600e-08 1.276423e-07 2.668626e-07 1.710270e-07
       -162 7.564882e-08 1.159827e-07 3.391427e-07 2.231931e-07
       -161 8.605377e-08 9.356494e-08 3.658688e-07 2.257016e-07
       -160 9.921975e-08 9.768646e-08 2.999789e-07 1.806920e-07
       -159 9.891841e-08 1.283684e-07 2.550308e-07 1.839010e-07
       -158 1.156672e-07 1.396652e-07 3.230942e-07 2.279519e-07
       -157 1.448989e-07 1.191847e-07 4.047928e-07 3.007149e-07
       -156 1.538074e-07 9.511348e-08 4.314648e-07 2.887894e-07
       -155 1.285031e-07 1.243922e-07 3.645613e-07 2.187347e-07
       -154 1.174703e-07 2.061128e-07 3.142790e-07 2.324354e-07
       -153 1.600753e-07 2.237592e-07 4.107594e-07 3.172325e-07
       -152 2.075328e-07 1.362321e-07 5.072877e-07 4.135288e-07
       -151 1.931990e-07 9.292921e-08 4.879946e-07 3.692175e-07
       -150 1.501600e-07 2.054267e-07 4.025225e-07 2.824524e-07
       -149 1.657206e-07 3.386862e-07 4.603788e-07 3.137403e-07
       -148 2.419341e-07 2.833215e-07 6.487016e-07 4.476789e-07
       -147 2.864591e-07 1.227770e-07 6.336805e-07 5.405674e-07
       -146 2.293421e-07 1.331089e-07 4.478836e-07 4.028880e-07
       -145 1.937391e-07 3.268590e-07 4.007398e-07 3.063566e-07
       -144 3.254453e-07 4.233400e-07 6.788902e-07 3.959626e-07
       -143 4.644360e-07 2.714354e-07 8.767127e-07 6.356399e-07
       -142 4.045997e-07 1.229447e-07 6.022398e-07 6.343799e-07
       -141 2.805613e-07 2.494838e-07 3.586189e-07 3.863723e-07
       -140 3.729815e-07 4.747810e-07 5.469999e-07 3.295663e-07
       -139 5.973886e-07 4.341607e-07 1.024319e-06 5.677831e-07
       -138 5.995179e-07 1.929500e-07 9.623925e-07 8.187986e-07
       -137 3.975470e-07 1.849306e-07 5.026785e-07 6.142548e-07
       -136 3.813155e-07 4.440668e-07 4.606005e-07 4.033528e-07
       -135 6.323232e-07 5.259774e-07 9.605191e-07 5.345732e-07
       -134 7.531312e-07 3.070636e-07 1.269648e-06 9.089526e-07
       -133 5.424957e-07 1.971337e-07 8.565193e-07 8.817229e-07
       -132 3.818383e-07 4.032163e-07 5.666881e-07 5.711263e-07
       -131 6.248883e-07 5.892981e-07 8.812642e-07 5.743539e-07
       -130 9.207606e-07 5.060034e-07 1.356405e-06 9.564728e-07
       -129 8.018157e-07 3.916892e-07 1.165467e-06 1.073615e-06
       -128 5.436849e-07 4.588076e-07 8.287682e-07 7.456424e-07
       -127 6.700840e-07 5.654986e-07 9.507730e-07 6.191790e-07
       -126 1.016788e-06 6.211636e-07 1.428208e-06 9.404378e-07
       -125 1.025178e-06 6.521417e-07 1.386228e-06 1.163499e-06
       -124 7.505319e-07 5.628187e-07 1.149745e-06 9.485944e-07
       -123 7.522989e-07 4.610101e-07 1.165673e-06 7.787630e-07
       -122 1.051400e-06 6.477330e-07 1.520906e-06 9.889914e-07
       -121 1.110115e-06 8.501543e-07 1.572192e-06 1.231522e-06
       -120 8.379421e-07 6.264893e-07 1.418488e-06 1.141913e-06
       -119 7.017613e-07 4.150065e-07 1.397345e-06 1.043082e-06
       -118 9.020150e-07 7.388926e-07 1.680908e-06 1.168049e-06
       -117 1.074720e-06 9.825857e-07 1.808988e-06 1.309664e-06
       -116 7.738151e-07 5.839252e-07 1.656885e-06 1.270461e-06
       -115 5.013133e-07 3.888199e-07 1.601607e-06 1.284144e-06
       -114 8.804748e-07 9.307292e-07 1.890860e-06 1.418010e-06
       -113 1.128334e-06 1.025935e-06 2.058860e-06 1.483482e-06
       -112 5.386712e-07 3.954326e-07 1.946800e-06 1.436238e-06
       -111 4.870565e-07 5.419781e-07 1.858367e-06 1.474877e-06
       -110 1.224926e-06 1.226810e-06 2.071148e-06 1.577736e-06
       -109 1.113383e-06 9.646278e-07 2.451197e-06 1.604179e-06
       -108 4.607948e-07 5.783459e-07 2.443850e-06 1.535469e-06
       -107 7.749186e-07 1.066269e-06 2.163584e-06 1.539940e-06
       -106 1.251323e-06 1.279912e-06 2.384811e-06 1.715493e-06
       -105 7.564264e-07 9.042492e-07 2.804767e-06 1.848440e-06
       -104 5.138960e-07 9.405111e-07 2.737008e-06 1.745445e-06
       -103 1.003984e-06 1.193878e-06 2.604864e-06 1.697101e-06
       -102 9.289978e-07 1.114068e-06 2.918545e-06 1.913828e-06
       -101 4.945956e-07 1.017023e-06 3.129625e-06 2.126535e-06
       -100 1.002080e-06 1.046088e-06 2.931423e-06 2.184013e-06
        -99 1.498348e-06 1.101412e-06 3.096501e-06 2.147087e-06
        -98 1.052588e-06 1.149512e-06 3.361176e-06 2.143904e-06
        -97 1.268987e-06 1.056572e-06 3.285717e-06 2.420857e-06
        -96 1.980141e-06 1.093812e-06 3.489417e-06 2.552991e-06
        -95 1.710961e-06 1.292608e-06 3.685572e-06 2.426733e-06
        -94 1.678464e-06 1.147036e-06 3.600056e-06 2.665253e-06
        -93 2.215305e-06 1.164810e-06 3.994844e-06 2.830683e-06
        -92 2.030843e-06 1.582879e-06 4.356139e-06 2.799674e-06
        -91 1.867618e-06 1.379504e-06 4.065557e-06 3.153387e-06
        -90 2.181695e-06 1.081889e-06 4.197863e-06 3.351009e-06
        -89 2.190407e-06 1.445419e-06 4.676487e-06 3.321609e-06
        -88 2.158549e-06 1.338288e-06 4.231610e-06 3.528737e-06
        -87 2.270451e-06 9.663902e-07 4.543583e-06 3.588944e-06
        -86 2.331708e-06 1.145984e-06 4.985134e-06 3.719138e-06
        -85 2.491931e-06 1.080512e-06 4.211590e-06 3.988353e-06
        -84 2.604829e-06 9.580802e-07 5.090235e-06 3.668225e-06
        -83 2.477772e-06 1.107416e-06 4.971634e-06 3.771111e-06
        -82 2.271929e-06 9.894910e-07 4.630924e-06 3.848314e-06
        -81 2.211984e-06 1.110463e-06 5.526343e-06 3.714487e-06
        -80 2.012767e-06 1.293991e-06 4.919590e-06 4.156750e-06
        -79 1.588109e-06 1.141056e-06 5.592047e-06 3.704472e-06
        -78 1.524073e-06 1.353110e-06 5.755142e-06 4.002751e-06
        -77 1.497977e-06 1.444026e-06 5.370505e-06 4.340707e-06
        -76 1.337488e-06 1.227242e-06 6.152326e-06 3.821472e-06
        -75 1.672871e-06 1.399635e-06 5.361985e-06 4.298141e-06
        -74 1.821661e-06 1.427615e-06 6.402175e-06 3.875929e-06
        -73 1.688137e-06 1.277309e-06 5.447657e-06 4.124137e-06
        -72 2.070617e-06 1.422747e-06 6.338776e-06 4.099301e-06
        -71 2.171294e-06 1.404324e-06 5.424758e-06 3.665601e-06
        -70 2.018523e-06 1.269415e-06 6.149511e-06 4.291802e-06
        -69 2.382738e-06 1.323260e-06 5.799552e-06 3.503147e-06
        -68 2.590702e-06 1.300912e-06 6.153868e-06 4.253809e-06
        -67 2.732109e-06 1.195883e-06 6.829486e-06 3.955337e-06
        -66 2.998314e-06 1.199104e-06 6.086280e-06 4.536255e-06
        -65 3.148840e-06 1.177979e-06 7.011939e-06 4.566948e-06
        -64 3.494960e-06 1.080566e-06 5.956531e-06 4.641849e-06
        -63 3.619090e-06 1.047648e-06 6.862575e-06 4.567079e-06
        -62 3.468782e-06 1.043025e-06 6.054982e-06 4.635031e-06
        -61 3.466300e-06 1.002021e-06 6.585578e-06 4.894582e-06
        -60 3.144820e-06 9.409118e-07 6.082750e-06 5.181280e-06
        -59 2.890902e-06 1.004010e-06 6.617292e-06 5.433847e-06
        -58 3.229082e-06 1.089989e-06 7.386952e-06 5.509554e-06
        -57 3.337547e-06 1.230767e-06 8.774588e-06 5.631610e-06
        -56 3.326752e-06 1.437741e-06 8.931231e-06 5.580759e-06
        -55 3.635127e-06 1.751871e-06 9.306699e-06 5.620881e-06
        -54 3.889892e-06 2.168277e-06 8.844062e-06 5.337010e-06
        -53 4.261177e-06 2.580894e-06 9.260172e-06 5.310654e-06
        -52 4.820167e-06 2.934198e-06 9.566960e-06 5.264744e-06
        -51 5.326816e-06 3.353583e-06 1.018958e-05 5.348081e-06
        -50 6.118996e-06 4.072406e-06 1.032237e-05 4.873667e-06
        -49 7.211831e-06 5.128180e-06 1.103827e-05 4.628722e-06
        -48 8.600100e-06 6.434505e-06 1.054679e-05 4.631244e-06
        -47 1.039121e-05 7.824178e-06 9.378278e-06 5.349634e-06
        -46 1.204706e-05 8.881978e-06 7.586858e-06 5.809557e-06
        -45 1.318619e-05 9.259407e-06 6.646311e-06 5.870093e-06
        -44 1.385664e-05 9.171566e-06 6.414471e-06 5.582155e-06
        -43 1.399790e-05 9.216502e-06 6.203921e-06 5.317918e-06
        -42 1.379264e-05 9.379228e-06 5.895394e-06 5.043329e-06
        -41 1.381290e-05 8.877359e-06 5.617686e-06 4.677193e-06
        -40 1.401266e-05 7.324488e-06 5.041202e-06 4.184576e-06
        -39 1.340542e-05 5.398771e-06 4.572331e-06 3.997042e-06
        -38 1.224523e-05 4.345467e-06 4.887976e-06 4.799026e-06
        -37 1.200985e-05 5.037549e-06 5.499230e-06 6.470131e-06
        -36 1.275342e-05 6.916116e-06 5.753683e-06 7.985846e-06
        -35 1.395553e-05 8.633082e-06 6.784833e-06 9.367733e-06
        -34 1.497237e-05 1.047058e-05 9.257748e-06 1.179863e-05
        -33 1.442899e-05 1.469984e-05 1.207566e-05 1.471940e-05
        -32 1.283655e-05 2.192847e-05 1.356569e-05 1.581257e-05
        -31 1.177326e-05 2.867868e-05 1.359062e-05 1.468256e-05
        -30 1.077632e-05 3.130200e-05 1.488681e-05 1.265350e-05
        -29 9.760850e-06 3.215189e-05 1.747545e-05 1.205732e-05
        -28 1.003458e-05 3.602710e-05 1.744175e-05 1.200950e-05
        -27 1.139306e-05 4.020866e-05 1.684277e-05 1.045852e-05
        -26 1.236824e-05 3.862454e-05 1.929591e-05 9.842659e-06
        -25 1.373506e-05 3.508660e-05 2.119408e-05 9.083210e-06
        -24 1.698777e-05 3.715819e-05 1.977987e-05 9.670399e-06
        -23 1.820758e-05 3.968505e-05 1.866597e-05 1.087949e-05
        -22 1.600422e-05 3.773782e-05 1.888986e-05 1.151196e-05
        -21 1.976289e-05 4.316615e-05 1.865976e-05 1.283222e-05
        -20 3.095562e-05 5.907749e-05 2.243011e-05 1.597652e-05
        -19 4.865108e-05 6.999292e-05 3.494494e-05 4.273964e-05
        -18 7.511841e-05 7.030647e-05 5.400035e-05 1.030348e-04
        -17 1.022336e-04 8.758182e-05 6.976350e-05 1.503056e-04
        -16 1.657929e-04 2.046713e-04 7.562873e-05 1.573688e-04
        -15 2.550042e-04 3.763441e-04 5.358509e-05 8.890076e-05
        -14 3.210521e-04 4.504877e-04 4.586207e-05 4.105869e-05
        -13 2.693486e-04 3.326822e-04 5.998422e-05 5.826383e-05
        -12 1.539581e-04 1.842986e-04 5.906411e-05 5.277981e-05
        -11 6.544322e-05 1.079800e-04 2.807249e-05 3.539527e-05
        -10 4.290880e-05 4.626987e-05 2.145968e-05 4.689131e-05
         -9 1.626395e-04 6.900060e-05 7.724752e-05 8.400394e-05
         -8 2.203191e-04 1.208795e-04 1.138249e-04 9.568532e-05
         -7 4.912536e-04 2.734243e-04 8.512504e-05 5.666537e-05
         -6 2.361384e-03 1.323865e-03 2.365500e-04 1.366996e-04
         -5 4.545660e-03 2.538485e-03 2.941213e-04 3.357175e-04
         -4 2.857453e-03 1.411383e-03 2.789541e-03 2.974570e-03
         -3 1.456811e-03 1.962142e-03 2.989574e-03 3.257302e-03
         -2 1.395643e-02 1.559684e-02 2.492340e-03 2.085125e-03
         -1 3.964223e-02 4.077198e-02 2.940149e-02 2.842102e-02
          0 5.402359e-02 5.402359e-02 5.402359e-02 5.402359e-02
          1 4.100255e-02 3.988422e-02 3.010154e-02 3.042510e-02
          2 1.628817e-02 1.457736e-02 3.172358e-03 3.149031e-03
          3 2.374490e-03 1.531987e-03 1.400324e-03 1.485512e-03
          4 7.410237e-04 1.618446e-03 1.791297e-03 1.954668e-03
          5 1.420477e-03 2.921849e-03 2.790429e-04 3.678303e-04
          6 7.211662e-04 1.507546e-03 1.134292e-05 4.902883e-05
          7 1.317134e-04 2.584160e-04 8.497028e-05 1.513905e-04
          8 5.847065e-05 7.182833e-05 1.419809e-04 1.950092e-04
          9 3.482222e-05 5.707919e-05 6.087068e-05 9.519648e-05
         10 4.082064e-05 8.204887e-05 1.073744e-05 5.634168e-05
         11 8.309410e-05 1.758645e-04 5.033188e-06 4.113656e-05
         12 1.027857e-04 1.551689e-04 3.720597e-06 2.640007e-05
         13 1.437765e-04 7.453323e-05 6.123575e-06 3.195999e-05
         14 1.748493e-04 4.770859e-05 1.696184e-05 3.497698e-05
         15 1.299018e-04 4.096665e-05 5.560286e-05 7.948756e-05
         16 6.670734e-05 2.800166e-05 8.532393e-05 1.130050e-04
         17 3.498236e-05 2.155552e-05 7.875882e-05 9.965135e-05
         18 4.681045e-05 5.234014e-05 5.248487e-05 6.091307e-05
         19 4.859889e-05 6.743622e-05 2.764992e-05 2.163280e-05
         20 4.085379e-05 6.491838e-05 1.545648e-05 9.985016e-06
         21 3.604806e-05 6.779442e-05 1.369603e-05 1.578626e-05
         22 3.830145e-05 7.617277e-05 1.341481e-05 2.120552e-05
         23 4.133712e-05 7.547444e-05 1.433970e-05 2.161115e-05
         24 3.933187e-05 6.667406e-05 1.412608e-05 1.774278e-05
         25 3.203294e-05 5.586130e-05 1.187470e-05 1.373147e-05
         26 2.187266e-05 3.907431e-05 1.076903e-05 1.227905e-05
         27 1.275819e-05 2.045214e-05 1.295882e-05 1.224995e-05
         28 7.219653e-06 1.145450e-05 1.791614e-05 1.199137e-05
         29 4.982389e-06 1.177439e-05 2.322750e-05 1.156974e-05
         30 5.588882e-06 1.370656e-05 2.670245e-05 1.135985e-05
         31 7.921488e-06 1.547947e-05 2.973896e-05 1.070506e-05
         32 9.487406e-06 1.800236e-05 3.102446e-05 8.998221e-06
         33 9.187705e-06 1.937059e-05 2.753899e-05 6.842685e-06
         34 8.140686e-06 1.803696e-05 2.141963e-05 5.881838e-06
         35 7.575140e-06 1.528407e-05 1.613354e-05 6.400075e-06
         36 7.411582e-06 1.278239e-05 1.303142e-05 7.212932e-06
         37 6.812343e-06 1.057255e-05 1.070651e-05 7.264208e-06
         38 5.863924e-06 8.588230e-06 8.261265e-06 6.918402e-06
         39 5.794392e-06 7.783645e-06 6.955203e-06 6.707667e-06
         40 6.899493e-06 8.377594e-06 7.232207e-06 6.727566e-06
         41 7.977547e-06 9.194002e-06 7.773391e-06 6.578838e-06
         42 8.164384e-06 9.330920e-06 8.022877e-06 6.515335e-06
         43 7.702492e-06 8.931906e-06 8.319169e-06 6.390353e-06
         44 7.015961e-06 8.406562e-06 8.832913e-06 6.675839e-06
         45 6.273161e-06 7.854344e-06 9.546500e-06 7.359874e-06
         46 5.553403e-06 7.224845e-06 1.025033e-05 7.836110e-06
         47 4.756298e-06 6.311286e-06 1.061367e-05 7.812887e-06
         48 3.654945e-06 4.969148e-06 1.047414e-05 7.322215e-06
         49 2.388404e-06 3.537491e-06 1.015930e-05 7.119022e-06
         50 1.425566e-06 2.522999e-06 9.970116e-06 6.939923e-06
         51 9.819066e-07 2.078785e-06 9.867069e-06 6.795521e-06
         52 8.945785e-07 1.903090e-06 9.318986e-06 6.521894e-06
         53 9.583880e-07 1.668968e-06 8.658238e-06 6.726394e-06
         54 1.066501e-06 1.518053e-06 8.240539e-06 6.334058e-06
         55 1.189442e-06 1.604822e-06 7.851111e-06 6.225647e-06
         56 1.338088e-06 1.792425e-06 7.321526e-06 5.293573e-06
         57 1.578119e-06 2.016655e-06 6.477437e-06 5.186717e-06
         58 1.898728e-06 2.162912e-06 5.995076e-06 4.866677e-06
         59 2.197446e-06 2.205937e-06 5.492197e-06 4.889375e-06
         60 2.353782e-06 2.282639e-06 5.570241e-06 4.601425e-06
         61 2.360245e-06 2.283116e-06 5.041706e-06 4.393379e-06
         62 2.301399e-06 2.112775e-06 5.299460e-06 4.503765e-06
         63 2.250194e-06 1.930686e-06 4.930303e-06 4.438324e-06
         64 2.129724e-06 1.742784e-06 5.532618e-06 4.349845e-06
         65 1.967043e-06 1.577884e-06 5.066224e-06 4.140386e-06
         66 1.810440e-06 1.430532e-06 5.023795e-06 3.749162e-06
         67 1.646230e-06 1.238159e-06 4.539586e-06 3.580067e-06
         68 1.567231e-06 1.089548e-06 4.329610e-06 3.678373e-06
         69 1.439020e-06 9.431615e-07 4.651224e-06 3.758776e-06
         70 1.180223e-06 8.207365e-07 3.960372e-06 3.562244e-06
         71 1.017389e-06 7.962965e-07 4.821680e-06 3.691136e-06
         72 8.170523e-07 7.978312e-07 3.783486e-06 3.375512e-06
         73 6.623285e-07 7.347737e-07 4.920194e-06 3.781016e-06
         74 8.809483e-07 6.656044e-07 4.642322e-06 3.715690e-06
         75 9.625737e-07 7.817493e-07 4.281084e-06 3.574432e-06
         76 9.338009e-07 8.476182e-07 5.204282e-06 4.065100e-06
         77 1.186339e-06 8.175332e-07 3.789957e-06 3.283822e-06
         78 1.172315e-06 1.047254e-06 4.667698e-06 3.555958e-06
         79 1.033588e-06 1.125647e-06 3.927653e-06 3.066717e-06
         80 1.198805e-06 1.022873e-06 3.805749e-06 3.268968e-06
         81 1.133910e-06 1.259737e-06 4.778524e-06 3.291512e-06
         82 1.045681e-06 1.262682e-06 3.806315e-06 2.662510e-06
         83 1.243328e-06 1.041333e-06 4.374778e-06 2.978119e-06
         84 1.271191e-06 1.214056e-06 4.273800e-06 2.704445e-06
         85 1.214906e-06 1.133957e-06 4.238328e-06 2.823957e-06
         86 1.410265e-06 9.513903e-07 5.003664e-06 2.984487e-06
         87 1.619992e-06 1.136451e-06 4.166098e-06 2.505682e-06
         88 1.588883e-06 9.696264e-07 4.297946e-06 2.934195e-06
         89 1.534742e-06 8.695745e-07 4.494013e-06 2.952523e-06
         90 1.637734e-06 1.087551e-06 4.023747e-06 2.779968e-06
         91 1.630717e-06 8.317670e-07 4.375245e-06 2.660495e-06
         92 1.523292e-06 8.082979e-07 3.841362e-06 2.521636e-06
         93 1.451938e-06 1.130197e-06 3.601344e-06 2.742283e-06
         94 1.339569e-06 8.005638e-07 4.361068e-06 2.460246e-06
         95 1.375921e-06 6.438462e-07 3.755883e-06 2.294775e-06
         96 1.482058e-06 1.015238e-06 3.414343e-06 2.486892e-06
         97 1.301187e-06 8.146079e-07 4.113316e-06 2.232163e-06
         98 1.249994e-06 4.915349e-07 3.720792e-06 2.219136e-06
         99 1.463265e-06 7.466471e-07 3.225511e-06 2.420918e-06
        100 1.311574e-06 8.433615e-07 3.573994e-06 2.236327e-06
        101 1.111923e-06 5.585679e-07 3.656455e-06 2.263590e-06
        102 1.390287e-06 5.963444e-07 3.467309e-06 2.318997e-06
        103 1.456020e-06 9.544327e-07 3.198880e-06 1.980616e-06
        104 1.091595e-06 8.617146e-07 2.861056e-06 1.914284e-06
        105 1.182462e-06 5.339089e-07 3.101858e-06 2.190983e-06
        106 1.434501e-06 9.144649e-07 3.367443e-06 1.970288e-06
        107 1.114275e-06 1.269704e-06 2.835921e-06 1.534480e-06
        108 1.034922e-06 7.317173e-07 2.334219e-06 1.644394e-06
        109 1.413745e-06 7.188350e-07 2.580847e-06 1.786372e-06
        110 1.209622e-06 1.510332e-06 2.909298e-06 1.569135e-06
        111 8.535926e-07 1.252424e-06 2.680202e-06 1.389288e-06
        112 1.293972e-06 4.965655e-07 2.230981e-06 1.343475e-06
        113 1.559893e-06 1.084887e-06 2.201500e-06 1.345746e-06
        114 1.072004e-06 1.753516e-06 2.420229e-06 1.333984e-06
        115 1.036300e-06 1.001691e-06 2.348099e-06 1.307669e-06
        116 1.471691e-06 4.921305e-07 2.024927e-06 1.320348e-06
        117 1.398980e-06 1.304574e-06 1.959741e-06 1.285793e-06
        118 1.071595e-06 1.683521e-06 2.079822e-06 1.133904e-06
        119 1.146497e-06 8.818985e-07 1.956304e-06 1.064361e-06
        120 1.333900e-06 5.657930e-07 1.654555e-06 1.151913e-06
        121 1.271734e-06 1.289381e-06 1.767470e-06 1.182666e-06
        122 1.111097e-06 1.513129e-06 1.951719e-06 9.767555e-07
        123 1.065820e-06 8.003277e-07 1.608773e-06 8.128084e-07
        124 1.127712e-06 5.766658e-07 1.136321e-06 9.426518e-07
        125 1.134609e-06 1.178590e-06 1.422345e-06 1.092189e-06
        126 9.953851e-07 1.302905e-06 1.849094e-06 9.446185e-07
        127 8.698197e-07 6.919782e-07 1.496404e-06 6.978006e-07
        128 9.228775e-07 4.954950e-07 8.233786e-07 7.400317e-07
        129 9.868066e-07 9.348236e-07 1.027306e-06 9.070335e-07
        130 8.595824e-07 1.050883e-06 1.573839e-06 8.653885e-07
        131 7.075783e-07 6.136160e-07 1.459874e-06 6.250282e-07
        132 7.430103e-07 3.660066e-07 7.969859e-07 5.807980e-07
        133 8.349916e-07 5.883771e-07 7.337330e-07 7.411592e-07
        134 7.759500e-07 7.690529e-07 1.201410e-06 8.106334e-07
        135 6.164566e-07 5.965647e-07 1.240719e-06 6.339572e-07
        136 5.392982e-07 3.431433e-07 8.092266e-07 4.784505e-07
        137 5.987146e-07 3.299948e-07 5.968049e-07 5.412227e-07
        138 6.423595e-07 4.652532e-07 9.680157e-07 6.818221e-07
        139 5.196844e-07 4.893769e-07 1.052258e-06 6.551710e-07
        140 3.489376e-07 3.538377e-07 7.287921e-07 4.576504e-07
        141 3.713141e-07 2.262481e-07 4.974746e-07 3.736286e-07
        142 5.001102e-07 2.439941e-07 7.565226e-07 4.730260e-07
        143 4.408840e-07 3.382163e-07 1.000787e-06 5.940338e-07
        144 2.561076e-07 3.314969e-07 7.037662e-07 5.207133e-07
        145 2.287960e-07 2.117218e-07 4.049430e-07 3.433296e-07
        146 3.564168e-07 1.630830e-07 4.750533e-07 3.064296e-07
        147 3.873451e-07 2.356091e-07 8.099551e-07 4.131692e-07
        148 2.579104e-07 2.950318e-07 7.662208e-07 4.990771e-07
        149 1.740261e-07 2.421760e-07 4.081558e-07 4.009822e-07
        150 2.429896e-07 1.428614e-07 2.985030e-07 2.544738e-07
        151 3.257775e-07 1.368294e-07 4.853619e-07 2.391991e-07
        152 2.777974e-07 2.098120e-07 6.977040e-07 3.305828e-07
        153 1.688801e-07 2.431681e-07 5.463369e-07 3.911584e-07
        154 1.460092e-07 1.943608e-07 2.773273e-07 3.103349e-07
        155 2.118037e-07 1.184187e-07 2.504366e-07 2.053895e-07
        156 2.515373e-07 1.043478e-07 4.172522e-07 1.996520e-07
        157 2.018453e-07 1.603989e-07 5.468958e-07 2.662076e-07
        158 1.397911e-07 2.008081e-07 4.478439e-07 3.155568e-07
        159 1.380251e-07 1.728075e-07 2.447666e-07 2.671050e-07
        160 1.583179e-07 1.205085e-07 2.065141e-07 1.854801e-07
        161 1.561777e-07 1.222075e-07 3.109883e-07 1.627730e-07
        162 1.370235e-07 1.732253e-07 4.076578e-07 1.936429e-07
        163 1.280098e-07 1.946277e-07 3.898574e-07 2.363822e-07
        164 1.332302e-07 1.677795e-07 2.423494e-07 2.173010e-07
        165 1.295615e-07 1.368450e-07 1.787196e-07 1.530413e-07
        166 1.195050e-07 1.346824e-07 2.209002e-07 1.207259e-07
        167 1.139469e-07 1.649962e-07 2.626543e-07 1.255035e-07
        168 1.119757e-07 1.893414e-07 2.804608e-07 1.577453e-07
        169 1.190362e-07 1.746286e-07 2.193740e-07 1.595552e-07
        170 1.261443e-07 1.411410e-07 1.674004e-07 1.124487e-07
        171 1.184099e-07 1.265734e-07 1.687919e-07 8.814744e-08
        172 1.030186e-07 1.452775e-07 1.608594e-07 9.068849e-08
        173 9.274345e-08 1.650512e-07 1.575486e-07 1.028643e-07
        174 9.637802e-08 1.512049e-07 1.608777e-07 1.125644e-07
        175 1.130963e-07 1.251676e-07 1.530018e-07 8.680222e-08
        176 1.194296e-07 1.144558e-07 1.425685e-07 6.444554e-08
        177 1.059937e-07 1.217883e-07 1.244730e-07 7.434986e-08
        178 8.720355e-08 1.380460e-07 1.005967e-07 8.213329e-08
        179 7.219980e-08 1.261891e-07 1.102566e-07 7.916933e-08
        180 7.751824e-08 8.731647e-08 1.380107e-07 6.854224e-08
        181 1.032230e-07 8.006698e-08 1.238053e-07 4.609261e-08
        182 1.075474e-07 1.036194e-07 9.449252e-08 4.359384e-08
        183 8.642557e-08 1.143404e-07 7.211965e-08 5.835946e-08
        184 7.153591e-08 1.135512e-07 6.328679e-08 5.505608e-08
        185 6.281430e-08 9.805684e-08 9.114171e-08 4.243157e-08
        186 6.739285e-08 6.883954e-08 1.104550e-07 3.871122e-08
        187 9.116758e-08 7.236874e-08 8.644006e-08 3.224514e-08
        188 1.019112e-07 1.025886e-07 6.666048e-08 3.178324e-08
        189 9.507197e-08 1.076877e-07 5.047569e-08 3.998588e-08
        190 8.572798e-08 1.034687e-07 5.484400e-08 3.578655e-08
        191 7.776418e-08 1.021778e-07 7.475739e-08 2.450203e-08
        192 8.807065e-08 7.734260e-08 7.708839e-08 2.773496e-08
        193 1.025853e-07 6.509365e-08 5.937853e-08 2.591225e-08
        194 9.594420e-08 8.721835e-08 5.783517e-08 1.916768e-08
        195 9.640995e-08 8.891619e-08 4.896175e-08 2.323861e-08
        196 1.042836e-07 7.758035e-08 4.792565e-08 2.604822e-08
        197 9.743599e-08 8.823159e-08 5.311590e-08 1.983205e-08
        198 1.036235e-07 8.149755e-08 5.353260e-08 2.200069e-08
        199 1.127684e-07 5.558062e-08 4.769431e-08 2.469783e-08
        200 8.984933e-08 5.377409e-08 5.157425e-08 1.633437e-08
        201 8.166946e-08 5.449892e-08 4.918713e-08 1.785931e-08
        202 1.115374e-07 4.780740e-08 3.924098e-08 2.626498e-08
        203 1.222381e-07 6.633596e-08 4.018705e-08 2.223894e-08
        204 1.102402e-07 8.161545e-08 4.388339e-08 1.788317e-08
        205 1.072527e-07 6.064286e-08 5.015882e-08 2.734519e-08
        206 9.415310e-08 4.241038e-08 5.011765e-08 2.785211e-08
        207 7.313448e-08 4.322366e-08 5.476993e-08 2.199379e-08
        208 8.616234e-08 4.127112e-08 4.499066e-08 2.535379e-08
        209 1.134649e-07 4.965775e-08 3.850569e-08 2.971737e-08
        210 1.113096e-07 7.486565e-08 4.555137e-08 2.291247e-08
        211 9.673305e-08 8.012546e-08 5.782339e-08 2.540901e-08
        212 9.090937e-08 6.047745e-08 5.865826e-08 4.084718e-08
        213 7.589347e-08 4.541779e-08 5.276301e-08 4.022352e-08
        214 6.008081e-08 3.879072e-08 5.612142e-08 3.130077e-08
        215 7.364103e-08 3.801582e-08 5.160144e-08 3.024413e-08
        216 9.780843e-08 5.238929e-08 5.454238e-08 3.556387e-08
        217 1.017533e-07 7.353293e-08 6.159587e-08 3.678261e-08
        218 9.278869e-08 8.051386e-08 7.012719e-08 3.917362e-08
        219 7.999263e-08 7.093703e-08 6.952983e-08 5.103930e-08
        220 5.720035e-08 5.258198e-08 6.292821e-08 5.131700e-08
        221 4.363924e-08 3.670981e-08 6.263146e-08 4.347816e-08
        222 6.158565e-08 3.600434e-08 6.104889e-08 3.973036e-08
        223 8.583419e-08 4.747337e-08 7.170470e-08 4.603565e-08
        224 8.979625e-08 6.023607e-08 7.882228e-08 5.511116e-08
        225 8.650373e-08 7.063939e-08 7.918574e-08 5.560284e-08
        226 8.208619e-08 7.517229e-08 7.646364e-08 5.673349e-08
        227 6.103299e-08 6.290403e-08 7.116242e-08 5.589545e-08
        228 3.725766e-08 4.085177e-08 7.388132e-08 5.601445e-08
        229 4.230447e-08 3.354144e-08 7.493657e-08 5.537157e-08
        230 6.457897e-08 4.267726e-08 8.310369e-08 5.285223e-08
        231 7.220336e-08 5.191633e-08 9.333840e-08 6.145554e-08
        232 6.839816e-08 5.748974e-08 9.254667e-08 7.115246e-08
        233 6.813325e-08 6.311711e-08 8.852555e-08 7.029138e-08
        234 5.997365e-08 6.178963e-08 8.254761e-08 6.386188e-08
        235 3.838640e-08 4.557582e-08 8.504554e-08 6.429915e-08
        236 2.675678e-08 2.947278e-08 9.315293e-08 7.473599e-08
        237 3.814646e-08 3.078554e-08 9.843059e-08 7.364620e-08
        238 5.405263e-08 4.197386e-08 1.062738e-07 6.767449e-08
        239 5.524652e-08 5.062694e-08 1.087051e-07 7.828444e-08
        240 4.720182e-08 5.446183e-08 1.049406e-07 8.867735e-08
        241 4.338727e-08 5.492708e-08 9.878966e-08 8.072187e-08
        242 3.872422e-08 4.936130e-08 9.427176e-08 6.825137e-08
        243 2.806169e-08 3.594208e-08 1.020560e-07 7.539011e-08
        244 2.255164e-08 2.595456e-08 1.146897e-07 9.481584e-08
        245 3.135437e-08 2.815299e-08 1.228020e-07 9.215282e-08
        246 4.251824e-08 3.589001e-08 1.266659e-07 8.087385e-08
        247 3.968534e-08 4.239394e-08 1.257769e-07 9.052580e-08
        248 3.270716e-08 4.585631e-08 1.248254e-07 1.012802e-07
        249 3.671638e-08 4.677846e-08 1.185839e-07 9.098274e-08
        250 3.831231e-08 4.416756e-08 1.079267e-07 7.536550e-08
        251 2.667864e-08 3.374169e-08 1.098337e-07 8.323839e-08
        252 1.784389e-08 2.370452e-08 1.247458e-07 1.059704e-07
        253 2.613914e-08 2.601269e-08 1.397377e-07 1.018730e-07
        254 3.971921e-08 3.350602e-08 1.437403e-07 8.523347e-08
        255 4.019775e-08 3.627024e-08 1.383832e-07 9.442689e-08
        256 3.245325e-08 3.611301e-08 1.374501e-07 1.117345e-07
        257 3.203127e-08 3.659895e-08 1.360623e-07 1.032140e-07
        258 3.448599e-08 3.749513e-08 1.246117e-07 8.144218e-08
        259 2.738219e-08 3.274917e-08 1.171528e-07 8.487557e-08
        260 1.745006e-08 2.282579e-08 1.267746e-07 1.117443e-07
        261 2.181703e-08 1.993019e-08 1.446459e-07 1.117100e-07
        262 3.573248e-08 2.582660e-08 1.519097e-07 8.568345e-08
        263 3.952854e-08 3.046228e-08 1.437843e-07 8.550879e-08
        264 3.155446e-08 2.980403e-08 1.380042e-07 1.131061e-07
        265 2.685205e-08 2.585561e-08 1.391116e-07 1.181054e-07
        266 3.043824e-08 2.427366e-08 1.333987e-07 9.079229e-08
        267 3.198946e-08 2.635224e-08 1.223202e-07 7.599134e-08
        268 2.275484e-08 2.393906e-08 1.232984e-07 1.005299e-07
        269 1.554069e-08 1.751384e-08 1.381556e-07 1.216346e-07
        270 2.517661e-08 1.693168e-08 1.496397e-07 1.016526e-07
        271 3.798905e-08 2.307289e-08 1.453047e-07 7.718672e-08
        272 3.511209e-08 2.805458e-08 1.371600e-07 9.197239e-08
        273 2.368527e-08 2.426023e-08 1.393823e-07 1.183297e-07
        274 2.027844e-08 1.434638e-08 1.412914e-07 1.125338e-07
        275 2.634709e-08 1.204510e-08 1.303364e-07 8.581051e-08
        276 2.782758e-08 1.779263e-08 1.179290e-07 8.149797e-08
        277 1.924521e-08 1.854109e-08 1.211316e-07 1.060556e-07
        278 1.599964e-08 1.408761e-08 1.356440e-07 1.172808e-07
        279 2.533878e-08 1.359874e-08 1.427926e-07 9.645012e-08
        280 3.432544e-08 1.897333e-08 1.358295e-07 8.011048e-08
        281 3.167449e-08 2.435629e-08 1.301898e-07 9.334103e-08
        282 2.031383e-08 2.125566e-08 1.351181e-07 1.106791e-07
        283 1.432865e-08 1.180310e-08 1.371373e-07 1.052588e-07
        284 2.045121e-08 8.831924e-09 1.255581e-07 8.622418e-08
        285 2.398001e-08 1.263352e-08 1.111618e-07 8.162286e-08
        286 1.783454e-08 1.350408e-08 1.097095e-07 9.690776e-08
        287 1.646951e-08 1.145136e-08 1.205314e-07 1.062885e-07
        288 2.376149e-08 1.173862e-08 1.287132e-07 9.423712e-08
        289 2.937865e-08 1.495743e-08 1.247952e-07 8.070020e-08
        290 2.841796e-08 1.800464e-08 1.191486e-07 8.450100e-08
        291 2.040876e-08 1.662310e-08 1.228150e-07 9.610521e-08
        292 1.203083e-08 1.109419e-08 1.279474e-07 9.809020e-08
        293 1.357989e-08 8.094204e-09 1.219295e-07 8.835442e-08
        294 1.863035e-08 1.043101e-08 1.073931e-07 8.050084e-08
        295 1.640314e-08 1.274201e-08 9.896618e-08 8.500601e-08
        296 1.395947e-08 1.180023e-08 1.030192e-07 9.181556e-08
        297 1.737750e-08 1.078320e-08 1.112696e-07 8.671374e-08
        298 2.063275e-08 1.140264e-08 1.102960e-07 7.629581e-08
        299 2.191057e-08 1.256259e-08 1.023742e-07 7.434073e-08
        300 2.121639e-08 1.468332e-08 1.000553e-07 8.026070e-08
        301 1.530341e-08 1.554530e-08 1.053776e-07 8.445122e-08
        302 1.031469e-08 1.163497e-08 1.079868e-07 8.222514e-08
        303 1.275702e-08 7.831492e-09 1.013015e-07 7.672284e-08
        304 1.469645e-08 9.880665e-09 9.215273e-08 7.594168e-08
        305 1.191689e-08 1.271267e-08 9.053503e-08 7.974599e-08
        306 1.167314e-08 1.148649e-08 9.529035e-08 7.970434e-08
        307 1.358374e-08 9.515367e-09 9.697557e-08 7.314417e-08
        308 1.353818e-08 8.184514e-09 8.993601e-08 6.940866e-08
        309 1.579444e-08 9.099216e-09 8.261006e-08 6.990982e-08
        310 1.895934e-08 1.528445e-08 8.183397e-08 6.995204e-08
        311 1.549009e-08 1.858283e-08 8.507479e-08 6.808650e-08
        312 1.111452e-08 1.228467e-08 8.505094e-08 6.641416e-08
        313 1.271254e-08 6.931561e-09 8.029772e-08 6.475065e-08
        314 1.307723e-08 9.808297e-09 7.680484e-08 6.431818e-08
        315 9.532329e-09 1.293296e-08 7.866293e-08 6.519274e-08
        316 9.350954e-09 1.121668e-08 8.231049e-08 6.579627e-08
        317 1.104528e-08 8.605736e-09 8.139956e-08 6.409068e-08
        318 1.018055e-08 6.546472e-09 7.478488e-08 6.398609e-08
        319 1.308812e-08 6.618420e-09 6.999094e-08 6.237518e-08
        320 1.890717e-08 1.292337e-08 6.935473e-08 5.701233e-08
        321 1.652227e-08 1.837128e-08 7.012802e-08 5.254979e-08
        322 1.068334e-08 1.331605e-08 6.856175e-08 5.271615e-08
        323 1.089634e-08 6.742383e-09 6.431275e-08 5.449839e-08
        324 1.101306e-08 8.370665e-09 6.137979e-08 5.377144e-08
        325 8.142626e-09 1.179983e-08 6.266078e-08 5.196605e-08
        326 8.328742e-09 1.121128e-08 6.581472e-08 5.143809e-08
        327 1.063803e-08 8.833215e-09 6.652360e-08 5.201300e-08
        328 9.645422e-09 6.313976e-09 6.238790e-08 5.350824e-08
        329 8.066812e-09 4.160054e-09 5.825336e-08 5.346086e-08
        330 1.299649e-08 6.648482e-09 5.649646e-08 4.746130e-08
        331 1.664082e-08 1.370966e-08 5.590238e-08 4.094566e-08
        332 1.104454e-08 1.501887e-08 5.423860e-08 3.954558e-08
        333 8.799776e-09 9.210666e-09 5.152418e-08 4.338890e-08
        334 1.209574e-08 6.671869e-09 4.888984e-08 4.453097e-08
        335 1.006393e-08 8.709478e-09 4.877884e-08 4.201024e-08
        336 7.789136e-09 9.187371e-09 4.987194e-08 3.910915e-08
        337 9.338231e-09 8.009965e-09 5.092263e-08 3.956494e-08
        338 9.663288e-09 7.289314e-09 5.041848e-08 4.168103e-08
        339 8.049789e-09 5.251245e-09 4.841275e-08 4.236258e-08
        340 6.958220e-09 3.199118e-09 4.575354e-08 3.905454e-08
        341 1.110138e-08 5.921461e-09 4.226494e-08 3.348257e-08
        342 1.433213e-08 1.216836e-08 4.035679e-08 3.017494e-08
        343 9.074727e-09 1.308033e-08 3.969429e-08 3.060780e-08
        344 8.314458e-09 8.831678e-09 3.860941e-08 3.253868e-08
        345 1.283274e-08 7.412241e-09 3.616307e-08 3.177913e-08
        346 1.003484e-08 9.006975e-09 3.610005e-08 3.091655e-08
        347 7.794308e-09 8.889930e-09 3.802047e-08 2.987126e-08
        348 8.981561e-09 7.149192e-09 4.015309e-08 2.957223e-08
        349 7.340847e-09 6.488143e-09 3.979720e-08 3.012831e-08
        350 7.162962e-09 5.115874e-09 3.760679e-08 2.982232e-08
        351 7.129772e-09 2.826483e-09 3.565137e-08 2.783067e-08
        352 8.796872e-09 5.192348e-09 3.236702e-08 2.467758e-08
        353 1.426476e-08 1.283315e-08 2.893815e-08 2.224432e-08
        354 1.148544e-08 1.522947e-08 2.711167e-08 2.131779e-08
        355 7.072626e-09 1.065450e-08 2.657847e-08 2.163194e-08
        356 1.184029e-08 7.805101e-09 2.493449e-08 2.080770e-08
        357 1.122850e-08 8.787446e-09 2.376632e-08 2.086775e-08
        358 6.600025e-09 9.131879e-09 2.578528e-08 2.093027e-08
        359 8.420007e-09 7.918955e-09 2.848904e-08 1.972082e-08
        360 8.010930e-09 7.375693e-09 2.928840e-08 1.996217e-08
        361 6.726631e-09 7.509787e-09 2.778883e-08 2.042268e-08
        362 8.065890e-09 5.139642e-09 2.746847e-08 1.964984e-08
        363 7.150371e-09 4.393653e-09 2.656472e-08 1.782691e-08
        364 1.054756e-08 1.107518e-08 2.359399e-08 1.583758e-08
        365 1.394145e-08 1.660182e-08 1.960556e-08 1.487972e-08
        366 7.809911e-09 1.311877e-08 1.773375e-08 1.495093e-08
        367 6.568535e-09 8.382038e-09 1.692946e-08 1.457273e-08
        368 1.149384e-08 8.046959e-09 1.534996e-08 1.287360e-08
        369 8.389263e-09 8.795315e-09 1.487818e-08 1.302242e-08
        370 5.764897e-09 9.002060e-09 1.694162e-08 1.225539e-08
        371 8.266278e-09 8.298810e-09 1.835726e-08 1.185485e-08
        372 7.107087e-09 8.397098e-09 1.828018e-08 1.290553e-08
        373 6.472268e-09 9.078168e-09 1.772248e-08 1.316236e-08
        374 7.216374e-09 7.071572e-09 1.883084e-08 1.187402e-08
        375 5.828841e-09 6.589875e-09 1.861549e-08 1.069863e-08
        376 8.515388e-09 1.130804e-08 1.641942e-08 9.982889e-09
        377 1.065622e-08 1.351766e-08 1.325524e-08 9.983825e-09
        378 5.925793e-09 1.010360e-08 1.188886e-08 1.043321e-08
        379 5.529330e-09 7.385830e-09 1.102088e-08 9.388135e-09
        380 9.436230e-09 7.142939e-09 9.383737e-09 7.698094e-09
        381 6.859060e-09 7.960389e-09 8.371170e-09 8.020652e-09
        382 4.523063e-09 9.425534e-09 9.643025e-09 8.110677e-09
        383 7.026236e-09 8.914050e-09 1.042430e-08 7.546308e-09
        384 6.658914e-09 7.919568e-09 1.075349e-08 7.994472e-09
        385 5.696473e-09 8.844751e-09 1.050609e-08 7.752772e-09
        386 6.488896e-09 7.838052e-09 1.151696e-08 7.147382e-09
        387 4.546303e-09 5.958193e-09 1.159085e-08 6.699199e-09
        388 4.525946e-09 8.402003e-09 1.046033e-08 7.118126e-09
        389 7.997652e-09 1.121566e-08 8.571457e-09 6.482586e-09
        390 6.847420e-09 9.795657e-09 7.823878e-09 6.977078e-09
        391 4.461418e-09 7.544310e-09 7.671763e-09 6.376565e-09
        392 7.263035e-09 6.633256e-09 6.824063e-09 6.007393e-09
        393 7.641746e-09 6.641900e-09 5.543174e-09 5.987933e-09
        394 3.729946e-09 7.728489e-09 5.924977e-09 6.332527e-09
        395 4.144008e-09 8.061102e-09 6.295751e-09 4.667207e-09
        396 6.394668e-09 6.749522e-09 5.861466e-09 4.669042e-09
        397 5.097054e-09 7.047197e-09 5.828910e-09 5.297883e-09
        398 4.603065e-09 8.105435e-09 6.628273e-09 5.197244e-09
        399 4.998641e-09 6.394014e-09 7.596962e-09 4.209774e-09
        400 3.500136e-09 5.674652e-09 6.796226e-09 4.045520e-09
        401 4.245533e-09 8.568831e-09 5.444924e-09 4.361727e-09
        402 6.681166e-09 1.004380e-08 4.740675e-09 4.698168e-09
        403 5.437871e-09 8.207982e-09 5.480969e-09 5.174610e-09
        404 4.000482e-09 6.399750e-09 5.655453e-09 4.559475e-09
        405 6.037562e-09 5.612166e-09 4.772493e-09 4.548309e-09
        406 5.803865e-09 5.731678e-09 3.883400e-09 4.853367e-09
        407 2.587569e-09 6.788918e-09 4.669240e-09 5.034837e-09
        408 3.133485e-09 6.736027e-09 4.997945e-09 3.788408e-09
        409 5.151702e-09 5.544424e-09 4.569253e-09 3.970941e-09
        410 3.889765e-09 5.862780e-09 4.286617e-09 4.259754e-09
        411 3.383996e-09 6.945958e-09 4.535516e-09 4.054963e-09
        412 4.400367e-09 5.799896e-09 5.031866e-09 3.675710e-09
        413 3.654206e-09 5.015004e-09 5.012649e-09 3.827271e-09
        414 3.762350e-09 7.065010e-09 4.487220e-09 3.819422e-09
        415 5.559513e-09 8.612029e-09 3.891701e-09 3.533965e-09
        416 5.177271e-09 7.290650e-09 3.915078e-09 3.973989e-09
        417 3.287930e-09 5.401247e-09 4.354569e-09 4.073075e-09
        418 3.522043e-09 4.420795e-09 4.392942e-09 4.197540e-09
        419 4.392299e-09 4.056671e-09 4.020577e-09 4.181699e-09
        420 2.751626e-09 4.715544e-09 4.055434e-09 3.972329e-09
        421 1.867402e-09 5.621503e-09 4.806641e-09 3.430805e-09
        422 3.908040e-09 5.195649e-09 4.505034e-09 3.595346e-09
        423 4.181198e-09 4.724812e-09 4.225615e-09 4.235708e-09
        424 2.962415e-09 5.676262e-09 3.992027e-09 4.020366e-09
        425 3.853855e-09 5.705631e-09 4.592018e-09 3.840504e-09
        426 4.264953e-09 4.664806e-09 4.855960e-09 3.480662e-09
        427 3.423370e-09 5.193307e-09 4.586084e-09 4.041414e-09
        428 3.762945e-09 6.552586e-09 3.937790e-09 3.762350e-09
        429 4.079060e-09 6.088787e-09 3.819205e-09 3.597641e-09
        430 3.348852e-09 4.436686e-09 4.137998e-09 3.355269e-09
        431 2.804096e-09 3.661828e-09 4.322999e-09 3.405905e-09
        432 2.898735e-09 3.740275e-09 4.145496e-09 4.161988e-09
        433 3.412859e-09 3.494888e-09 4.457910e-09 4.419899e-09
        434 2.614354e-09 3.893833e-09 5.045353e-09 3.737560e-09
        435 2.138819e-09 4.636732e-09 5.488151e-09 3.229158e-09
        436 3.434745e-09 4.099578e-09 4.289333e-09 3.984661e-09
        437 3.569443e-09 3.579998e-09 4.208828e-09 4.780255e-09
        438 2.507129e-09 4.350831e-09 4.594680e-09 4.257782e-09
        439 2.924145e-09 4.192059e-09 5.467696e-09 3.812779e-09
        440 3.755577e-09 3.630654e-09 5.248643e-09 3.441887e-09
        441 3.391498e-09 3.724504e-09 4.872530e-09 4.255005e-09
        442 2.364635e-09 3.385687e-09 4.355154e-09 4.138814e-09
        443 1.861903e-09 2.771680e-09 4.421883e-09 3.885739e-09
        444 2.449337e-09 2.399682e-09 4.651190e-09 3.379941e-09
        445 2.713219e-09 2.567624e-09 5.186457e-09 3.444548e-09
        446 2.315294e-09 3.284230e-09 5.053721e-09 4.118522e-09
        447 2.761483e-09 3.191433e-09 5.171822e-09 4.766510e-09
        448 2.836845e-09 2.858743e-09 5.274782e-09 3.981401e-09
        449 2.004720e-09 3.367306e-09 5.796503e-09 3.569131e-09
        450 2.423563e-09 2.901880e-09 5.189777e-09 3.901525e-09
        451 2.916387e-09 1.741893e-09 4.771277e-09 5.042659e-09
        452 2.143461e-09 2.336437e-09 5.007722e-09 4.793612e-09
        453 2.349834e-09 2.841767e-09 5.657493e-09 4.631381e-09
        454 3.336763e-09 2.204260e-09 6.036556e-09 3.821600e-09
        455 3.144336e-09 2.089637e-09 5.823967e-09 4.147457e-09
        456 2.402132e-09 2.106655e-09 5.321878e-09 4.385709e-09
        457 1.839597e-09 1.743846e-09 4.720363e-09 4.545705e-09
        458 1.736864e-09 1.535891e-09 4.858373e-09 4.009644e-09
        459 2.212768e-09 1.486358e-09 5.693723e-09 3.629946e-09
        460 2.078069e-09 2.042766e-09 6.659115e-09 3.876158e-09
        461 1.830197e-09 2.728164e-09 6.115719e-09 4.941737e-09
        462 2.515886e-09 2.316628e-09 5.627583e-09 5.153495e-09
        463 2.444630e-09 1.851785e-09 5.478734e-09 4.288315e-09
        464 1.771965e-09 1.903408e-09 6.222093e-09 3.932845e-09
        465 2.221622e-09 1.429522e-09 5.742060e-09 4.528220e-09
        466 2.301717e-09 1.097302e-09 5.347346e-09 5.341853e-09
        467 1.677447e-09 1.801347e-09 5.672006e-09 4.919257e-09
        468 2.134416e-09 1.900899e-09 6.683794e-09 4.835845e-09
        469 2.815171e-09 1.446207e-09 6.838088e-09 4.244577e-09
        470 2.538699e-09 1.604615e-09 6.185219e-09 4.592786e-09
        471 2.091520e-09 1.786421e-09 5.434453e-09 4.516030e-09
        472 1.600667e-09 1.609868e-09 5.253634e-09 4.743741e-09
        473 1.292764e-09 1.339001e-09 5.491148e-09 4.295714e-09
        474 1.602115e-09 1.044961e-09 6.255588e-09 4.121443e-09
        475 1.594418e-09 1.358629e-09 7.163272e-09 4.105121e-09
        476 1.446413e-09 2.023645e-09 6.957397e-09 5.001127e-09
        477 2.046708e-09 1.818849e-09 6.265828e-09 5.555684e-09
        478 2.201848e-09 1.322334e-09 5.570150e-09 4.833230e-09
        479 1.685135e-09 1.416507e-09 6.152547e-09 4.121803e-09
        480 1.856988e-09 1.380760e-09 6.422100e-09 4.358207e-09
        481 2.018130e-09 1.108226e-09 6.016367e-09 5.615203e-09
        482 1.566449e-09 1.373898e-09 5.927736e-09 5.302151e-09
        483 1.805973e-09 1.513858e-09 6.802509e-09 4.999585e-09
        484 2.438424e-09 1.211197e-09 7.564418e-09 4.363450e-09
        485 2.236243e-09 1.238545e-09 6.981479e-09 4.651129e-09
        486 1.852654e-09 1.454463e-09 5.966700e-09 4.847183e-09
        487 1.661909e-09 1.306621e-09 5.431685e-09 4.531549e-09
        488 1.227041e-09 1.077036e-09 5.858591e-09 4.510678e-09
        489 1.148924e-09 8.003390e-10 6.480675e-09 4.357157e-09
        490 1.406900e-09 8.730391e-10 6.949143e-09 4.464976e-09
        491 1.266570e-09 1.482674e-09 7.254301e-09 4.521775e-09
        492 1.430873e-09 1.752984e-09 7.034590e-09 5.667104e-09
        493 2.103398e-09 1.301648e-09 6.194967e-09 5.614444e-09
        494 2.041996e-09 1.168868e-09 5.622211e-09 4.929698e-09
        495 1.466913e-09 1.395642e-09 6.205366e-09 3.973296e-09
        496 1.401445e-09 1.155976e-09 6.527239e-09 4.930155e-09
        497 1.421565e-09 8.887848e-10 6.783915e-09 6.162436e-09
        498 1.269875e-09 1.097669e-09 6.587165e-09 5.424009e-09
        499 1.543697e-09 1.153395e-09 7.501599e-09 4.767522e-09
        500 1.872530e-09 9.122204e-10 7.886219e-09 4.159658e-09
        501 1.741205e-09 1.038131e-09 7.073268e-09 4.937291e-09
        502 1.636630e-09 1.350794e-09 6.117104e-09 4.985522e-09
        503 1.507448e-09 1.203956e-09 5.684798e-09 4.409237e-09
        504 1.049265e-09 8.921632e-10 6.288514e-09 4.642718e-09
        505 9.268355e-10 7.523168e-10 6.770915e-09 4.820502e-09
        506 1.100121e-09 7.878674e-10 6.706960e-09 4.861853e-09
        507 8.512617e-10 1.121803e-09 7.029009e-09 4.451859e-09
        508 8.403880e-10 1.412753e-09 7.319865e-09 5.381630e-09
        509 1.639004e-09 1.209024e-09 6.754056e-09 5.693163e-09
        510 2.056227e-09 1.073192e-09 5.741207e-09 5.440163e-09
        511 1.420750e-09 1.218514e-09 5.777157e-09 4.230290e-09
        512 8.408378e-10 9.785796e-10 6.454801e-09 4.746386e-09
        513 9.326491e-10 6.423995e-10 7.794601e-09 6.799687e-09
